Time:User:UserPos:UserRHPos:UserLHPos:UserPosToque:UserMaoDeToque:UserTouchType:UserAction:HoverUnityName:HoverObjectType:NQuadToSelect:NCircToSelect:LastCollidingObj:HandCubePos
0,9802:User 1:(2,0, 0,0, -1,2):(0,1, 0,0, -1,1):(0,3, 0,0, -1,1):(0,0, 0,0, 0,0):right:::null::5:6:null:(1,9, 0,5, 0,0)
0,9802:User 2:(2,0, 0,0, -1,2):(0,1, 0,0, 1,1):(0,3, 0,0, -1,1):(0,0, 0,0, 0,0):right:::null::5:6:null:(-1,9, -0,7, 0,0)
13,9744:User 1:(2,0, 0,0, -1,2):(0,1, 0,0, -1,1):(0,3, 0,0, -1,1):(0,0, 0,0, 0,0):right:::null::5:6:null:(1,9, 0,5, 0,0)
13,9744:User 2:(2,0, 0,0, -1,2):(0,1, 0,0, 1,1):(0,3, 0,0, -1,1):(0,0, 0,0, 0,0):right:::null::5:6:null:(-1,9, -0,7, 0,0)
30,9604:User 1:(2,0, 0,0, -1,2):(0,1, 0,0, -1,1):(0,3, 0,0, -1,1):(0,0, 0,0, 0,0):right:::null::5:6:null:(1,9, 0,5, 0,0)
30,9604:User 2:(2,0, 0,0, -1,2):(0,1, 0,0, 1,1):(0,3, 0,0, -1,1):(0,0, 0,0, 0,0):right:::null::5:6:null:(-1,9, -0,7, 0,0)
46,9552:User 1:(2,0, 0,0, -1,2):(0,1, 0,0, -1,1):(0,3, 0,0, -1,1):(0,0, 0,0, 0,0):right:::null::5:6:null:(1,9, 0,5, 0,0)
46,9552:User 2:(2,0, 0,0, -1,2):(0,1, 0,0, 1,1):(0,3, 0,0, -1,1):(0,0, 0,0, 0,0):right:::null::5:6:null:(-1,9, -0,7, 0,0)
62,9456:User 1:(2,0, 0,0, -1,2):(0,1, 0,0, -1,1):(0,3, 0,0, -1,1):(0,0, 0,0, 0,0):right:::null::5:6:null:(1,9, 0,5, 0,0)
62,9456:User 2:(2,0, 0,0, -1,2):(0,1, 0,0, 1,1):(0,3, 0,0, -1,1):(0,0, 0,0, 0,0):right:::null::5:6:null:(-1,9, -0,7, 0,0)
80,9335:User 1:(2,0, 0,0, -1,2):(0,1, 0,0, -1,1):(0,3, 0,0, -1,1):(0,0, 0,0, 0,0):right:::null::5:6:null:(1,9, 0,5, 0,0)
80,9335:User 2:(2,0, 0,0, -1,2):(0,1, 0,0, 1,1):(0,3, 0,0, -1,1):(0,0, 0,0, 0,0):right:::null::5:6:null:(-1,9, -0,7, 0,0)
96,9346:User 1:(2,0, 0,0, -1,2):(0,1, 0,0, -1,1):(0,3, 0,0, -1,1):(0,0, 0,0, 0,0):right:::null::5:6:null:(1,9, 0,5, 0,0)
96,9346:User 2:(2,0, 0,0, -1,2):(0,1, 0,0, 1,1):(0,3, 0,0, -1,1):(0,0, 0,0, 0,0):right:::null::5:6:null:(-1,9, -0,7, 0,0)
113,9171:User 1:(2,0, 0,0, -1,2):(0,1, 0,0, -1,1):(0,3, 0,0, -1,1):(0,0, 0,0, 0,0):right:::null::5:6:null:(1,9, 0,5, 0,0)
113,9171:User 2:(2,0, 0,0, -1,2):(0,1, 0,0, 1,1):(0,3, 0,0, -1,1):(0,0, 0,0, 0,0):right:::null::5:6:null:(-1,9, -0,7, 0,0)
129,9047:User 1:(2,0, 0,0, -1,2):(0,1, 0,0, -1,1):(0,3, 0,0, -1,1):(0,0, 0,0, 0,0):right:::null::5:6:null:(1,9, 0,5, 0,0)
129,9047:User 2:(2,0, 0,0, -1,2):(0,1, 0,0, 1,1):(0,3, 0,0, -1,1):(0,0, 0,0, 0,0):right:::null::5:6:null:(-1,9, -0,7, 0,0)
146,8939:User 1:(2,0, 0,0, -1,2):(0,1, 0,0, -1,1):(0,3, 0,0, -1,1):(0,0, 0,0, 0,0):right:::null::5:6:null:(1,9, 0,5, 0,0)
146,8939:User 2:(2,0, 0,0, -1,2):(0,1, 0,0, 1,1):(0,3, 0,0, -1,1):(0,0, 0,0, 0,0):right:::null::5:6:null:(-1,9, -0,7, 0,0)
162,8835:User 1:(2,0, 0,0, -1,2):(0,1, 0,0, -1,1):(0,3, 0,0, -1,1):(0,0, 0,0, 0,0):right:::null::5:6:null:(1,9, 0,5, 0,0)
162,8835:User 2:(2,0, 0,0, -1,2):(0,1, 0,0, 1,1):(0,3, 0,0, -1,1):(0,0, 0,0, 0,0):right:::null::5:6:null:(-1,9, -0,7, 0,0)
179,8778:User 1:(2,0, 0,0, -1,2):(0,1, 0,0, -1,1):(0,3, 0,0, -1,1):(0,0, 0,0, 0,0):right:::null::5:6:null:(1,9, 0,5, 0,0)
179,8778:User 2:(2,0, 0,0, -1,2):(0,1, 0,0, 1,1):(0,3, 0,0, -1,1):(0,0, 0,0, 0,0):right:::null::5:6:null:(-1,9, -0,7, 0,0)
196,8646:User 1:(2,0, 0,0, -1,2):(0,1, 0,0, -1,1):(0,3, 0,0, -1,1):(0,0, 0,0, 0,0):right:::null::5:6:null:(1,9, 0,5, 0,0)
196,8646:User 2:(2,0, 0,0, -1,2):(0,1, 0,0, 1,1):(0,3, 0,0, -1,1):(0,0, 0,0, 0,0):right:::null::5:6:null:(-1,9, -0,7, 0,0)
212,8555:User 1:(2,0, 0,0, -1,2):(0,1, 0,0, -1,1):(0,3, 0,0, -1,1):(0,0, 0,0, 0,0):right:::null::5:6:null:(1,9, 0,5, 0,0)
212,8555:User 2:(2,0, 0,0, -1,2):(0,1, 0,0, 1,1):(0,3, 0,0, -1,1):(0,0, 0,0, 0,0):right:::null::5:6:null:(-1,9, -0,7, 0,0)
229,847:User 1:(2,0, 0,0, -1,2):(0,1, 0,0, -1,1):(0,3, 0,0, -1,1):(0,0, 0,0, 0,0):right:::null::5:6:null:(1,9, 0,5, 0,0)
229,847:User 2:(2,0, 0,0, -1,2):(0,1, 0,0, 1,1):(0,3, 0,0, -1,1):(0,0, 0,0, 0,0):right:::null::5:6:null:(-1,9, -0,7, 0,0)
245,8536:User 1:(2,0, 0,0, -1,2):(0,1, 0,0, -1,1):(0,3, 0,0, -1,1):(0,0, 0,0, 0,0):right:::null::5:6:null:(1,9, 0,5, 0,0)
245,8536:User 2:(2,0, 0,0, -1,2):(0,1, 0,0, 1,1):(0,3, 0,0, -1,1):(0,0, 0,0, 0,0):right:::null::5:6:null:(-1,9, -0,7, 0,0)
262,827:User 1:(2,0, 0,0, -1,2):(0,1, 0,0, -1,1):(0,3, 0,0, -1,1):(0,0, 0,0, 0,0):right:::null::5:6:null:(1,9, 0,5, 0,0)
262,827:User 2:(2,0, 0,0, -1,2):(0,1, 0,0, 1,1):(0,3, 0,0, -1,1):(0,0, 0,0, 0,0):right:::null::5:6:null:(-1,9, -0,7, 0,0)
279,8201:User 1:(2,0, 0,0, -1,2):(0,1, 0,0, -1,1):(0,3, 0,0, -1,1):(0,0, 0,0, 0,0):right:::null::5:6:null:(1,9, 0,5, 0,0)
279,8201:User 2:(2,0, 0,0, -1,2):(0,1, 0,0, 1,1):(0,3, 0,0, -1,1):(0,0, 0,0, 0,0):right:::null::5:6:null:(-1,9, -0,7, 0,0)
295,8077:User 1:(2,0, 0,0, -1,2):(0,1, 0,0, -1,1):(0,3, 0,0, -1,1):(0,0, 0,0, 0,0):right:::null::5:6:null:(1,9, 0,5, 0,0)
295,8077:User 2:(2,0, 0,0, -1,2):(0,1, 0,0, 1,1):(0,3, 0,0, -1,1):(0,0, 0,0, 0,0):right:::null::5:6:null:(-1,9, -0,7, 0,0)
312,7981:User 1:(2,0, 0,0, -1,2):(0,1, 0,0, -1,1):(0,3, 0,0, -1,1):(0,0, 0,0, 0,0):right:::null::5:6:null:(1,9, 0,5, 0,0)
312,7981:User 2:(2,0, 0,0, -1,2):(0,1, 0,0, 1,1):(0,3, 0,0, -1,1):(0,0, 0,0, 0,0):right:::null::5:6:null:(-1,9, -0,7, 0,0)
328,7925:User 1:(2,0, 0,0, -1,2):(0,1, 0,0, -1,1):(0,3, 0,0, -1,1):(0,0, 0,0, 0,0):right:::null::5:6:null:(1,9, 0,5, 0,0)
328,7925:User 2:(2,0, 0,0, -1,2):(0,1, 0,0, 1,1):(0,3, 0,0, -1,1):(0,0, 0,0, 0,0):right:::null::5:6:null:(-1,9, -0,7, 0,0)
346,7804:User 1:(2,0, 0,0, -1,2):(0,1, 0,0, -1,1):(0,3, 0,0, -1,1):(0,0, 0,0, 0,0):right:::null::5:6:null:(1,9, 0,5, 0,0)
346,7804:User 2:(2,0, 0,0, -1,2):(0,1, 0,0, 1,1):(0,3, 0,0, -1,1):(0,0, 0,0, 0,0):right:::null::5:6:null:(-1,9, -0,7, 0,0)
361,7705:User 1:(2,0, 0,0, -1,2):(0,1, 0,0, -1,1):(0,3, 0,0, -1,1):(0,0, 0,0, 0,0):right:::null::5:6:null:(1,9, 0,5, 0,0)
361,7705:User 2:(2,0, 0,0, -1,2):(0,1, 0,0, 1,1):(0,3, 0,0, -1,1):(0,0, 0,0, 0,0):right:::null::5:6:null:(-1,9, -0,7, 0,0)
378,7608:User 1:(2,0, 0,0, -1,2):(0,1, 0,0, -1,1):(0,3, 0,0, -1,1):(0,0, 0,0, 0,0):right:::null::5:6:null:(1,9, 0,5, 0,0)
378,7608:User 2:(2,0, 0,0, -1,2):(0,1, 0,0, 1,1):(0,3, 0,0, -1,1):(0,0, 0,0, 0,0):right:::null::5:6:null:(-1,9, -0,7, 0,0)
395,7539:User 1:(2,0, 0,0, -1,2):(0,1, 0,0, -1,1):(0,3, 0,0, -1,1):(0,0, 0,0, 0,0):right:::null::5:6:null:(1,9, 0,5, 0,0)
395,7539:User 2:(2,0, 0,0, -1,2):(0,1, 0,0, 1,1):(0,3, 0,0, -1,1):(0,0, 0,0, 0,0):right:::null::5:6:null:(-1,9, -0,7, 0,0)
411,7582:User 1:(2,0, 0,0, -1,2):(0,1, 0,0, -1,1):(0,3, 0,0, -1,1):(0,0, 0,0, 0,0):right:::null::5:6:null:(1,9, 0,5, 0,0)
411,7582:User 2:(2,0, 0,0, -1,2):(0,1, 0,0, 1,1):(0,3, 0,0, -1,1):(0,0, 0,0, 0,0):right:::null::5:6:null:(-1,9, -0,7, 0,0)
428,7312:User 1:(2,0, 0,0, -1,2):(0,1, 0,0, -1,1):(0,3, 0,0, -1,1):(0,0, 0,0, 0,0):right:::null::5:6:null:(1,9, 0,5, 0,0)
428,7312:User 2:(2,0, 0,0, -1,2):(0,1, 0,0, 1,1):(0,3, 0,0, -1,1):(0,0, 0,0, 0,0):right:::null::5:6:null:(-1,9, -0,7, 0,0)
444,7228:User 1:(2,0, 0,0, -1,2):(0,1, 0,0, -1,1):(0,3, 0,0, -1,1):(0,0, 0,0, 0,0):right:::null::5:6:null:(1,9, 0,5, 0,0)
444,7228:User 2:(2,0, 0,0, -1,2):(0,1, 0,0, 1,1):(0,3, 0,0, -1,1):(0,0, 0,0, 0,0):right:::null::5:6:null:(-1,9, -0,7, 0,0)
461,7289:User 1:(2,0, 0,0, -1,2):(0,1, 0,0, -1,1):(0,3, 0,0, -1,1):(0,0, 0,0, 0,0):right:::null::5:6:null:(1,9, 0,5, 0,0)
461,7289:User 2:(2,0, 0,0, -1,2):(0,1, 0,0, 1,1):(0,3, 0,0, -1,1):(0,0, 0,0, 0,0):right:::null::5:6:null:(-1,9, -0,7, 0,0)
477,7213:User 1:(2,0, 0,0, -1,2):(0,1, 0,0, -1,1):(0,3, 0,0, -1,1):(0,0, 0,0, 0,0):right:::null::5:6:null:(1,9, 0,5, 0,0)
477,7213:User 2:(2,0, 0,0, -1,2):(0,1, 0,0, 1,1):(0,3, 0,0, -1,1):(0,0, 0,0, 0,0):right:::null::5:6:null:(-1,9, -0,7, 0,0)
494,6971:User 1:(2,0, 0,0, -1,2):(0,1, 0,0, -1,1):(0,3, 0,0, -1,1):(0,0, 0,0, 0,0):right:::null::5:6:null:(1,9, 0,5, 0,0)
494,6971:User 2:(2,0, 0,0, -1,2):(0,1, 0,0, 1,1):(0,3, 0,0, -1,1):(0,0, 0,0, 0,0):right:::null::5:6:null:(-1,9, -0,7, 0,0)
511,6839:User 1:(2,0, 0,0, -1,2):(0,1, 0,0, -1,1):(0,3, 0,0, -1,1):(0,0, 0,0, 0,0):right:::null::5:6:null:(1,9, 0,5, 0,0)
511,6839:User 2:(2,0, 0,0, -1,2):(0,1, 0,0, 1,1):(0,3, 0,0, -1,1):(0,0, 0,0, 0,0):right:::null::5:6:null:(-1,9, -0,7, 0,0)
527,677:User 1:(2,0, 0,0, -1,2):(0,1, 0,0, -1,1):(0,3, 0,0, -1,1):(0,0, 0,0, 0,0):right:::null::5:6:null:(1,9, 0,5, 0,0)
527,677:User 2:(2,0, 0,0, -1,2):(0,1, 0,0, 1,1):(0,3, 0,0, -1,1):(0,0, 0,0, 0,0):right:::null::5:6:null:(-1,9, -0,7, 0,0)
543,6706:User 1:(2,0, 0,0, -1,2):(0,1, 0,0, -1,1):(0,3, 0,0, -1,1):(0,0, 0,0, 0,0):right:::null::5:6:null:(1,9, 0,5, 0,0)
543,6706:User 2:(2,0, 0,0, -1,2):(0,1, 0,0, 1,1):(0,3, 0,0, -1,1):(0,0, 0,0, 0,0):right:::null::5:6:null:(-1,9, -0,7, 0,0)
560,6665:User 1:(2,0, 0,0, -1,2):(0,1, 0,0, -1,1):(0,3, 0,0, -1,1):(0,0, 0,0, 0,0):right:::null::5:6:null:(1,9, 0,5, 0,0)
560,6665:User 2:(2,0, 0,0, -1,2):(0,1, 0,0, 1,1):(0,3, 0,0, -1,1):(0,0, 0,0, 0,0):right:::null::5:6:null:(-1,9, -0,7, 0,0)
577,6466:User 1:(2,0, 0,0, -1,2):(0,1, 0,0, -1,1):(0,3, 0,0, -1,1):(0,0, 0,0, 0,0):right:::null::5:6:null:(1,9, 0,5, 0,0)
577,6466:User 2:(2,0, 0,0, -1,2):(0,1, 0,0, 1,1):(0,3, 0,0, -1,1):(0,0, 0,0, 0,0):right:::null::5:6:null:(-1,9, -0,7, 0,0)
594,6377:User 1:(2,0, 0,0, -1,2):(0,1, 0,0, -1,1):(0,3, 0,0, -1,1):(0,0, 0,0, 0,0):right:::null::5:6:null:(1,9, 0,5, 0,0)
594,6377:User 2:(2,0, 0,0, -1,2):(0,1, 0,0, 1,1):(0,3, 0,0, -1,1):(0,0, 0,0, 0,0):right:::null::5:6:null:(-1,9, -0,7, 0,0)
610,6278:User 1:(2,0, 0,0, -1,2):(0,1, 0,0, -1,1):(0,3, 0,0, -1,1):(0,0, 0,0, 0,0):right:::null::5:6:null:(1,9, 0,5, 0,0)
610,6278:User 2:(2,0, 0,0, -1,2):(0,1, 0,0, 1,1):(0,3, 0,0, -1,1):(0,0, 0,0, 0,0):right:::null::5:6:null:(-1,9, -0,7, 0,0)
627,6181:User 1:(2,0, 0,0, -1,2):(0,1, 0,0, -1,1):(0,3, 0,0, -1,1):(0,0, 0,0, 0,0):right:::null::5:6:null:(1,9, 0,5, 0,0)
627,6181:User 2:(2,0, 0,0, -1,2):(0,1, 0,0, 1,1):(0,3, 0,0, -1,1):(0,0, 0,0, 0,0):right:::null::5:6:null:(-1,9, -0,7, 0,0)
643,6113:User 1:(2,0, 0,0, -1,2):(0,1, 0,0, -1,1):(0,3, 0,0, -1,1):(0,0, 0,0, 0,0):right:::null::5:6:null:(1,9, 0,5, 0,0)
643,6113:User 2:(2,0, 0,0, -1,2):(0,1, 0,0, 1,1):(0,3, 0,0, -1,1):(0,0, 0,0, 0,0):right:::null::5:6:null:(-1,9, -0,7, 0,0)
660,6001:User 1:(2,0, 0,0, -1,2):(0,1, 0,0, -1,1):(0,3, 0,0, -1,1):(0,0, 0,0, 0,0):right:::null::5:6:null:(1,9, 0,5, 0,0)
660,6001:User 2:(2,0, 0,0, -1,2):(0,1, 0,0, 1,1):(0,3, 0,0, -1,1):(0,0, 0,0, 0,0):right:::null::5:6:null:(-1,9, -0,7, 0,0)
677,5888:User 1:(2,0, 0,0, -1,2):(0,1, 0,0, -1,1):(0,3, 0,0, -1,1):(0,0, 0,0, 0,0):right:::null::5:6:null:(1,9, 0,5, 0,0)
677,5888:User 2:(2,0, 0,0, -1,2):(0,1, 0,0, 1,1):(0,3, 0,0, -1,1):(0,0, 0,0, 0,0):right:::null::5:6:null:(-1,9, -0,7, 0,0)
693,5911:User 1:(2,0, 0,0, -1,2):(0,1, 0,0, -1,1):(0,3, 0,0, -1,1):(0,0, 0,0, 0,0):right:::null::5:6:null:(1,9, 0,5, 0,0)
693,5911:User 2:(2,0, 0,0, -1,2):(0,1, 0,0, 1,1):(0,3, 0,0, -1,1):(0,0, 0,0, 0,0):right:::null::5:6:null:(-1,9, -0,7, 0,0)
710,6099:User 1:(2,0, 0,0, -1,2):(0,1, 0,0, -1,1):(0,3, 0,0, -1,1):(0,0, 0,0, 0,0):right:::null::5:6:null:(1,9, 0,5, 0,0)
710,6099:User 2:(2,0, 0,0, -1,2):(0,1, 0,0, 1,1):(0,3, 0,0, -1,1):(0,0, 0,0, 0,0):right:::null::5:6:null:(-1,9, -0,7, 0,0)
727,5604:User 1:(2,0, 0,0, -1,2):(0,1, 0,0, -1,1):(0,3, 0,0, -1,1):(0,0, 0,0, 0,0):right:::null::5:6:null:(1,9, 0,5, 0,0)
727,5604:User 2:(2,0, 0,0, -1,2):(0,1, 0,0, 1,1):(0,3, 0,0, -1,1):(0,0, 0,0, 0,0):right:::null::5:6:null:(-1,9, -0,7, 0,0)
743,5614:User 1:(2,0, 0,0, -1,2):(0,1, 0,0, -1,1):(0,3, 0,0, -1,1):(0,0, 0,0, 0,0):right:::null::5:6:null:(1,9, 0,5, 0,0)
743,5614:User 2:(2,0, 0,0, -1,2):(0,1, 0,0, 1,1):(0,3, 0,0, -1,1):(0,0, 0,0, 0,0):right:::null::5:6:null:(-1,9, -0,7, 0,0)
760,5411:User 1:(2,0, 0,0, -1,2):(0,1, 0,0, -1,1):(0,3, 0,0, -1,1):(0,0, 0,0, 0,0):right:::null::5:6:null:(1,9, 0,5, 0,0)
760,5411:User 2:(2,0, 0,0, -1,2):(0,1, 0,0, 1,1):(0,3, 0,0, -1,1):(0,0, 0,0, 0,0):right:::null::5:6:null:(-1,9, -0,7, 0,0)
777,5386:User 1:(2,0, 0,0, -1,2):(0,1, 0,0, -1,1):(0,3, 0,0, -1,1):(0,0, 0,0, 0,0):right:::null::5:6:null:(1,9, 0,5, 0,0)
777,5386:User 2:(2,0, 0,0, -1,2):(0,1, 0,0, 1,1):(0,3, 0,0, -1,1):(0,0, 0,0, 0,0):right:::null::5:6:null:(-1,9, -0,7, 0,0)
793,5255:User 1:(2,0, 0,0, -1,2):(0,1, 0,0, -1,1):(0,3, 0,0, -1,1):(0,0, 0,0, 0,0):right:::null::5:6:null:(1,9, 0,5, 0,0)
793,5255:User 2:(2,0, 0,0, -1,2):(0,1, 0,0, 1,1):(0,3, 0,0, -1,1):(0,0, 0,0, 0,0):right:::null::5:6:null:(-1,9, -0,7, 0,0)
810,513:User 1:(2,0, 0,0, -1,2):(0,1, 0,0, -1,1):(0,3, 0,0, -1,1):(0,0, 0,0, 0,0):right:::null::5:6:null:(1,9, 0,5, 0,0)
810,513:User 2:(2,0, 0,0, -1,2):(0,1, 0,0, 1,1):(0,3, 0,0, -1,1):(0,0, 0,0, 0,0):right:::null::5:6:null:(-1,9, -0,7, 0,0)
826,509:User 1:(2,0, 0,0, -1,2):(0,1, 0,0, -1,1):(0,3, 0,0, -1,1):(0,0, 0,0, 0,0):right:::null::5:6:null:(1,9, 0,5, 0,0)
826,509:User 2:(2,0, 0,0, -1,2):(0,1, 0,0, 1,1):(0,3, 0,0, -1,1):(0,0, 0,0, 0,0):right:::null::5:6:null:(-1,9, -0,7, 0,0)
842,4963:User 1:(2,0, 0,0, -1,2):(0,1, 0,0, -1,1):(0,3, 0,0, -1,1):(0,0, 0,0, 0,0):right:::null::5:6:null:(1,9, 0,5, 0,0)
842,4963:User 2:(2,0, 0,0, -1,2):(0,1, 0,0, 1,1):(0,3, 0,0, -1,1):(0,0, 0,0, 0,0):right:::null::5:6:null:(-1,9, -0,7, 0,0)
859,4846:User 1:(2,0, 0,0, -1,2):(0,1, 0,0, -1,1):(0,3, 0,0, -1,1):(0,0, 0,0, 0,0):right:::null::5:6:null:(1,9, 0,5, 0,0)
859,4846:User 2:(2,0, 0,0, -1,2):(0,1, 0,0, 1,1):(0,3, 0,0, -1,1):(0,0, 0,0, 0,0):right:::null::5:6:null:(-1,9, -0,7, 0,0)
875,4751:User 1:(2,0, 0,0, -1,2):(0,1, 0,0, -1,1):(0,3, 0,0, -1,1):(0,0, 0,0, 0,0):right:::null::5:6:null:(1,9, 0,5, 0,0)
875,4751:User 2:(2,0, 0,0, -1,2):(0,1, 0,0, 1,1):(0,3, 0,0, -1,1):(0,0, 0,0, 0,0):right:::null::5:6:null:(-1,9, -0,7, 0,0)
892,4654:User 1:(2,0, 0,0, -1,2):(0,1, 0,0, -1,1):(0,3, 0,0, -1,1):(0,0, 0,0, 0,0):right:::null::5:6:null:(1,9, 0,5, 0,0)
892,4654:User 2:(2,0, 0,0, -1,2):(0,1, 0,0, 1,1):(0,3, 0,0, -1,1):(0,0, 0,0, 0,0):right:::null::5:6:null:(-1,9, -0,7, 0,0)
909,4956:User 1:(2,0, 0,0, -1,2):(0,1, 0,0, -1,1):(0,3, 0,0, -1,1):(0,0, 0,0, 0,0):right:::null::5:6:null:(1,9, 0,5, 0,0)
909,4956:User 2:(2,0, 0,0, -1,2):(0,1, 0,0, 1,1):(0,3, 0,0, -1,1):(0,0, 0,0, 0,0):right:::null::5:6:null:(-1,9, -0,7, 0,0)
926,4461:User 1:(2,0, 0,0, -1,2):(0,1, 0,0, -1,1):(0,3, 0,0, -1,1):(0,0, 0,0, 0,0):right:::null::5:6:null:(1,9, 0,5, 0,0)
926,4461:User 2:(2,0, 0,0, -1,2):(0,1, 0,0, 1,1):(0,3, 0,0, -1,1):(0,0, 0,0, 0,0):right:::null::5:6:null:(-1,9, -0,7, 0,0)
942,4776:User 1:(2,0, 0,0, -1,2):(0,1, 0,0, -1,1):(0,3, 0,0, -1,1):(0,0, 0,0, 0,0):right:::null::5:6:null:(1,9, 0,5, 0,0)
942,4776:User 2:(2,0, 0,0, -1,2):(0,1, 0,0, 1,1):(0,3, 0,0, -1,1):(0,0, 0,0, 0,0):right:::null::5:6:null:(-1,9, -0,7, 0,0)
958,4432:User 1:(2,0, 0,0, -1,2):(0,1, 0,0, -1,1):(0,3, 0,0, -1,1):(0,0, 0,0, 0,0):right:::null::5:6:null:(1,9, 0,5, 0,0)
958,4432:User 2:(2,0, 0,0, -1,2):(0,1, 0,0, 1,1):(0,3, 0,0, -1,1):(0,0, 0,0, 0,0):right:::null::5:6:null:(-1,9, -0,7, 0,0)
975,4335:User 1:(2,0, 0,0, -1,2):(0,1, 0,0, -1,1):(0,3, 0,0, -1,1):(0,0, 0,0, 0,0):right:::null::5:6:null:(1,9, 0,5, 0,0)
975,4335:User 2:(2,0, 0,0, -1,2):(0,1, 0,0, 1,1):(0,3, 0,0, -1,1):(0,0, 0,0, 0,0):right:::null::5:6:null:(-1,9, -0,7, 0,0)
991,4117:User 1:(2,0, 0,0, -1,2):(0,1, 0,0, -1,1):(0,3, 0,0, -1,1):(0,0, 0,0, 0,0):right:::null::5:6:null:(1,9, 0,5, 0,0)
991,4117:User 2:(2,0, 0,0, -1,2):(0,1, 0,0, 1,1):(0,3, 0,0, -1,1):(0,0, 0,0, 0,0):right:::null::5:6:null:(-1,9, -0,7, 0,0)
1008,404:User 1:(2,0, 0,0, -1,2):(0,1, 0,0, -1,1):(0,3, 0,0, -1,1):(0,0, 0,0, 0,0):right:::null::5:6:null:(1,9, 0,5, 0,0)
1008,404:User 2:(2,0, 0,0, -1,2):(0,1, 0,0, 1,1):(0,3, 0,0, -1,1):(0,0, 0,0, 0,0):right:::null::5:6:null:(-1,9, -0,7, 0,0)
1024,4051:User 1:(2,0, 0,0, -1,2):(0,1, 0,0, -1,1):(0,3, 0,0, -1,1):(0,0, 0,0, 0,0):right:::null::5:6:null:(1,9, 0,5, 0,0)
1024,4051:User 2:(2,0, 0,0, -1,2):(0,1, 0,0, 1,1):(0,3, 0,0, -1,1):(0,0, 0,0, 0,0):right:::null::5:6:null:(-1,9, -0,7, 0,0)
1041,3962:User 1:(2,0, 0,0, -1,2):(0,1, 0,0, -1,1):(0,3, 0,0, -1,1):(0,0, 0,0, 0,0):right:::null::5:6:null:(1,9, 0,5, 0,0)
1041,3962:User 2:(2,0, 0,0, -1,2):(0,1, 0,0, 1,1):(0,3, 0,0, -1,1):(0,0, 0,0, 0,0):right:::null::5:6:null:(-1,9, -0,7, 0,0)
1058,3858:User 1:(2,0, 0,0, -1,2):(0,1, 0,0, -1,1):(0,3, 0,0, -1,1):(0,0, 0,0, 0,0):right:::null::5:6:null:(1,9, 0,5, 0,0)
1058,3858:User 2:(2,0, 0,0, -1,2):(0,1, 0,0, 1,1):(0,3, 0,0, -1,1):(0,0, 0,0, 0,0):right:::null::5:6:null:(-1,9, -0,7, 0,0)
1074,3766:User 1:(2,0, 0,0, -1,2):(0,1, 0,0, -1,1):(0,3, 0,0, -1,1):(0,0, 0,0, 0,0):right:::null::5:6:null:(1,9, 0,5, 0,0)
1074,3766:User 2:(2,0, 0,0, -1,2):(0,1, 0,0, 1,1):(0,3, 0,0, -1,1):(0,0, 0,0, 0,0):right:::null::5:6:null:(-1,9, -0,7, 0,0)
1091,367:User 1:(2,0, 0,0, -1,2):(0,1, 0,0, -1,1):(0,3, 0,0, -1,1):(0,0, 0,0, 0,0):right:::null::5:6:null:(1,9, 0,5, 0,0)
1091,367:User 2:(2,0, 0,0, -1,2):(0,1, 0,0, 1,1):(0,3, 0,0, -1,1):(0,0, 0,0, 0,0):right:::null::5:6:null:(-1,9, -0,7, 0,0)
1108,3573:User 1:(2,0, 0,0, -1,2):(0,1, 0,0, -1,1):(0,3, 0,0, -1,1):(0,0, 0,0, 0,0):right:::null::5:6:null:(1,9, 0,5, 0,0)
1108,3573:User 2:(2,0, 0,0, -1,2):(0,1, 0,0, 1,1):(0,3, 0,0, -1,1):(0,0, 0,0, 0,0):right:::null::5:6:null:(-1,9, -0,7, 0,0)
1124,3481:User 1:(2,0, 0,0, -1,2):(0,1, 0,0, -1,1):(0,3, 0,0, -1,1):(0,0, 0,0, 0,0):right:::null::5:6:null:(1,9, 0,5, 0,0)
1124,3481:User 2:(2,0, 0,0, -1,2):(0,1, 0,0, 1,1):(0,3, 0,0, -1,1):(0,0, 0,0, 0,0):right:::null::5:6:null:(-1,9, -0,7, 0,0)
1141,3223:User 1:(2,0, 0,0, -1,2):(0,1, 0,0, -1,1):(0,3, 0,0, -1,1):(0,0, 0,0, 0,0):right:::null::5:6:null:(1,9, 0,5, 0,0)
1141,3223:User 2:(2,0, 0,0, -1,2):(0,1, 0,0, 1,1):(0,3, 0,0, -1,1):(0,0, 0,0, 0,0):right:::null::5:6:null:(-1,9, -0,7, 0,0)
1157,3289:User 1:(2,0, 0,0, -1,2):(0,1, 0,0, -1,1):(0,3, 0,0, -1,1):(0,0, 0,0, 0,0):right:::null::5:6:null:(1,9, 0,5, 0,0)
1157,3289:User 2:(2,0, 0,0, -1,2):(0,1, 0,0, 1,1):(0,3, 0,0, -1,1):(0,0, 0,0, 0,0):right:::null::5:6:null:(-1,9, -0,7, 0,0)
1174,3062:User 1:(2,0, 0,0, -1,2):(0,1, 0,0, -1,1):(0,3, 0,0, -1,1):(0,0, 0,0, 0,0):right:::null::5:6:null:(1,9, 0,5, 0,0)
1174,3062:User 2:(2,0, 0,0, -1,2):(0,1, 0,0, 1,1):(0,3, 0,0, -1,1):(0,0, 0,0, 0,0):right:::null::5:6:null:(-1,9, -0,7, 0,0)
1191,2966:User 1:(2,0, 0,0, -1,2):(0,1, 0,0, -1,1):(0,3, 0,0, -1,1):(0,0, 0,0, 0,0):right:::null::5:6:null:(1,9, 0,5, 0,0)
1191,2966:User 2:(2,0, 0,0, -1,2):(0,1, 0,0, 1,1):(0,3, 0,0, -1,1):(0,0, 0,0, 0,0):right:::null::5:6:null:(-1,9, -0,7, 0,0)
1207,2866:User 1:(2,0, 0,0, -1,2):(0,1, 0,0, -1,1):(0,3, 0,0, -1,1):(0,0, 0,0, 0,0):right:::null::5:6:null:(1,9, 0,5, 0,0)
1207,2866:User 2:(2,0, 0,0, -1,2):(0,1, 0,0, 1,1):(0,3, 0,0, -1,1):(0,0, 0,0, 0,0):right:::null::5:6:null:(-1,9, -0,7, 0,0)
1223,2814:User 1:(2,0, 0,0, -1,2):(0,1, 0,0, -1,1):(0,3, 0,0, -1,1):(0,0, 0,0, 0,0):right:::null::5:6:null:(1,9, 0,5, 0,0)
1223,2814:User 2:(2,0, 0,0, -1,2):(0,1, 0,0, 1,1):(0,3, 0,0, -1,1):(0,0, 0,0, 0,0):right:::null::5:6:null:(-1,9, -0,7, 0,0)
1240,2674:User 1:(2,0, 0,0, -1,2):(0,1, 0,0, -1,1):(0,3, 0,0, -1,1):(0,0, 0,0, 0,0):right:::null::5:6:null:(1,9, 0,5, 0,0)
1240,2674:User 2:(2,0, 0,0, -1,2):(0,1, 0,0, 1,1):(0,3, 0,0, -1,1):(0,0, 0,0, 0,0):right:::null::5:6:null:(-1,9, -0,7, 0,0)
1256,2606:User 1:(2,0, 0,0, -1,2):(0,1, 0,0, -1,1):(0,3, 0,0, -1,1):(0,0, 0,0, 0,0):right:::null::5:6:null:(1,9, 0,5, 0,0)
1256,2606:User 2:(2,0, 0,0, -1,2):(0,1, 0,0, 1,1):(0,3, 0,0, -1,1):(0,0, 0,0, 0,0):right:::null::5:6:null:(-1,9, -0,7, 0,0)
1273,2513:User 1:(2,0, 0,0, -1,2):(0,1, 0,0, -1,1):(0,3, 0,0, -1,1):(0,0, 0,0, 0,0):right:::null::5:6:null:(1,9, 0,5, 0,0)
1273,2513:User 2:(2,0, 0,0, -1,2):(0,1, 0,0, 1,1):(0,3, 0,0, -1,1):(0,0, 0,0, 0,0):right:::null::5:6:null:(-1,9, -0,7, 0,0)
1290,2381:User 1:(2,0, 0,0, -1,2):(0,1, 0,0, -1,1):(0,3, 0,0, -1,1):(0,0, 0,0, 0,0):right:::null::5:6:null:(1,9, 0,5, 0,0)
1290,2381:User 2:(2,0, 0,0, -1,2):(0,1, 0,0, 1,1):(0,3, 0,0, -1,1):(0,0, 0,0, 0,0):right:::null::5:6:null:(-1,9, -0,7, 0,0)
