Time:User:UserPos:UserRHPos:UserLHPos:UserPosToque:UserMaoDeToque:UserTouchType:UserAction:HoverUnityName:HoverObjectType:NQuadToSelect:NCircToSelect:LastCollidingObj:HandCubePos
2,0361:User 1:(2,0, 0,0, -1,2):(0,1, 0,0, -1,1):(0,3, 0,0, -1,1):(0,0, 0,0, 0,0):right:::null::5:6:null:(1,9, 0,5, 0,0)
2,0361:User 2:(2,0, 0,0, -1,2):(0,1, 0,0, 1,1):(0,3, 0,0, -1,1):(0,0, 0,0, 0,0):right:::null::5:6:null:(-1,9, -0,7, 0,0)
13,9906:User 1:(2,0, 0,0, -1,2):(0,1, 0,0, -1,1):(0,3, 0,0, -1,1):(0,0, 0,0, 0,0):right:::null::5:6:null:(1,9, 0,5, 0,0)
13,9906:User 2:(2,0, 0,0, -1,2):(0,1, 0,0, 1,1):(0,3, 0,0, -1,1):(0,0, 0,0, 0,0):right:::null::5:6:null:(-1,9, -0,7, 0,0)
30,9793:User 1:(2,0, 0,0, -1,2):(0,1, 0,0, -1,1):(0,3, 0,0, -1,1):(0,0, 0,0, 0,0):right:::null::5:6:null:(1,9, 0,5, 0,0)
30,9793:User 2:(2,0, 0,0, -1,2):(0,1, 0,0, 1,1):(0,3, 0,0, -1,1):(0,0, 0,0, 0,0):right:::null::5:6:null:(-1,9, -0,7, 0,0)
47,9709:User 1:(2,0, 0,0, -1,2):(0,1, 0,0, -1,1):(0,3, 0,0, -1,1):(0,0, 0,0, 0,0):right:::null::5:6:null:(1,9, 0,5, 0,0)
47,9709:User 2:(2,0, 0,0, -1,2):(0,1, 0,0, 1,1):(0,3, 0,0, -1,1):(0,0, 0,0, 0,0):right:::null::5:6:null:(-1,9, -0,7, 0,0)
63,9613:User 1:(2,0, 0,0, -1,2):(0,1, 0,0, -1,1):(0,3, 0,0, -1,1):(0,0, 0,0, 0,0):right:::null::5:6:null:(1,9, 0,5, 0,0)
63,9613:User 2:(2,0, 0,0, -1,2):(0,1, 0,0, 1,1):(0,3, 0,0, -1,1):(0,0, 0,0, 0,0):right:::null::5:6:null:(-1,9, -0,7, 0,0)
79,9525:User 1:(2,0, 0,0, -1,2):(0,1, 0,0, -1,1):(0,3, 0,0, -1,1):(0,0, 0,0, 0,0):right:::null::5:6:null:(1,9, 0,5, 0,0)
79,9525:User 2:(2,0, 0,0, -1,2):(0,1, 0,0, 1,1):(0,3, 0,0, -1,1):(0,0, 0,0, 0,0):right:::null::5:6:null:(-1,9, -0,7, 0,0)
97,9416:User 1:(2,0, 0,0, -1,2):(0,1, 0,0, -1,1):(0,3, 0,0, -1,1):(0,0, 0,0, 0,0):right:::null::5:6:null:(1,9, 0,5, 0,0)
97,9416:User 2:(2,0, 0,0, -1,2):(0,1, 0,0, 1,1):(0,3, 0,0, -1,1):(0,0, 0,0, 0,0):right:::null::5:6:null:(-1,9, -0,7, 0,0)
113,9328:User 1:(2,0, 0,0, -1,2):(0,1, 0,0, -1,1):(0,3, 0,0, -1,1):(0,0, 0,0, 0,0):right:::null::5:6:null:(1,9, 0,5, 0,0)
113,9328:User 2:(2,0, 0,0, -1,2):(0,1, 0,0, 1,1):(0,3, 0,0, -1,1):(0,0, 0,0, 0,0):right:::null::5:6:null:(-1,9, -0,7, 0,0)
129,9248:User 1:(2,0, 0,0, -1,2):(0,1, 0,0, -1,1):(0,3, 0,0, -1,1):(0,0, 0,0, 0,0):right:::null::5:6:null:(1,9, 0,5, 0,0)
129,9248:User 2:(2,0, 0,0, -1,2):(0,1, 0,0, 1,1):(0,3, 0,0, -1,1):(0,0, 0,0, 0,0):right:::null::5:6:null:(-1,9, -0,7, 0,0)
146,9144:User 1:(2,0, 0,0, -1,2):(0,1, 0,0, -1,1):(0,3, 0,0, -1,1):(0,0, 0,0, 0,0):right:::null::5:6:null:(1,9, 0,5, 0,0)
146,9144:User 2:(2,0, 0,0, -1,2):(0,1, 0,0, 1,1):(0,3, 0,0, -1,1):(0,0, 0,0, 0,0):right:::null::5:6:null:(-1,9, -0,7, 0,0)
163,9035:User 1:(2,0, 0,0, -1,2):(0,1, 0,0, -1,1):(0,3, 0,0, -1,1):(0,0, 0,0, 0,0):right:::null::5:6:null:(1,9, 0,5, 0,0)
163,9035:User 2:(2,0, 0,0, -1,2):(0,1, 0,0, 1,1):(0,3, 0,0, -1,1):(0,0, 0,0, 0,0):right:::null::5:6:null:(-1,9, -0,7, 0,0)
179,8947:User 1:(2,0, 0,0, -1,2):(0,1, 0,0, -1,1):(0,3, 0,0, -1,1):(0,0, 0,0, 0,0):right:::null::5:6:null:(1,9, 0,5, 0,0)
179,8947:User 2:(2,0, 0,0, -1,2):(0,1, 0,0, 1,1):(0,3, 0,0, -1,1):(0,0, 0,0, 0,0):right:::null::5:6:null:(-1,9, -0,7, 0,0)
196,8847:User 1:(2,0, 0,0, -1,2):(0,1, 0,0, -1,1):(0,3, 0,0, -1,1):(0,0, 0,0, 0,0):right:::null::5:6:null:(1,9, 0,5, 0,0)
196,8847:User 2:(2,0, 0,0, -1,2):(0,1, 0,0, 1,1):(0,3, 0,0, -1,1):(0,0, 0,0, 0,0):right:::null::5:6:null:(-1,9, -0,7, 0,0)
212,8763:User 1:(2,0, 0,0, -1,2):(0,1, 0,0, -1,1):(0,3, 0,0, -1,1):(0,0, 0,0, 0,0):right:::null::5:6:null:(1,9, 0,5, 0,0)
212,8763:User 2:(2,0, 0,0, -1,2):(0,1, 0,0, 1,1):(0,3, 0,0, -1,1):(0,0, 0,0, 0,0):right:::null::5:6:null:(-1,9, -0,7, 0,0)
229,8663:User 1:(2,0, 0,0, -1,2):(0,1, 0,0, -1,1):(0,3, 0,0, -1,1):(0,0, 0,0, 0,0):right:::null::5:6:null:(1,9, 0,5, 0,0)
229,8663:User 2:(2,0, 0,0, -1,2):(0,1, 0,0, 1,1):(0,3, 0,0, -1,1):(0,0, 0,0, 0,0):right:::null::5:6:null:(-1,9, -0,7, 0,0)
246,8562:User 1:(2,0, 0,0, -1,2):(0,1, 0,0, -1,1):(0,3, 0,0, -1,1):(0,0, 0,0, 0,0):right:::null::5:6:null:(1,9, 0,5, 0,0)
246,8562:User 2:(2,0, 0,0, -1,2):(0,1, 0,0, 1,1):(0,3, 0,0, -1,1):(0,0, 0,0, 0,0):right:::null::5:6:null:(-1,9, -0,7, 0,0)
262,8482:User 1:(2,0, 0,0, -1,2):(0,1, 0,0, -1,1):(0,3, 0,0, -1,1):(0,0, 0,0, 0,0):right:::null::5:6:null:(1,9, 0,5, 0,0)
262,8482:User 2:(2,0, 0,0, -1,2):(0,1, 0,0, 1,1):(0,3, 0,0, -1,1):(0,0, 0,0, 0,0):right:::null::5:6:null:(-1,9, -0,7, 0,0)
279,8374:User 1:(2,0, 0,0, -1,2):(0,1, 0,0, -1,1):(0,3, 0,0, -1,1):(0,0, 0,0, 0,0):right:::null::5:6:null:(1,9, 0,5, 0,0)
279,8374:User 2:(2,0, 0,0, -1,2):(0,1, 0,0, 1,1):(0,3, 0,0, -1,1):(0,0, 0,0, 0,0):right:::null::5:6:null:(-1,9, -0,7, 0,0)
295,8681:User 1:(2,0, 0,0, -1,2):(0,1, 0,0, -1,1):(0,3, 0,0, -1,1):(0,0, 0,0, 0,0):right:::null::5:6:null:(1,9, 0,5, 0,0)
295,8681:User 2:(2,0, 0,0, -1,2):(0,1, 0,0, 1,1):(0,3, 0,0, -1,1):(0,0, 0,0, 0,0):right:::null::5:6:null:(-1,9, -0,7, 0,0)
312,8182:User 1:(2,0, 0,0, -1,2):(0,1, 0,0, -1,1):(0,3, 0,0, -1,1):(0,0, 0,0, 0,0):right:::null::5:6:null:(1,9, 0,5, 0,0)
312,8182:User 2:(2,0, 0,0, -1,2):(0,1, 0,0, 1,1):(0,3, 0,0, -1,1):(0,0, 0,0, 0,0):right:::null::5:6:null:(-1,9, -0,7, 0,0)
328,8094:User 1:(2,0, 0,0, -1,2):(0,1, 0,0, -1,1):(0,3, 0,0, -1,1):(0,0, 0,0, 0,0):right:::null::5:6:null:(1,9, 0,5, 0,0)
328,8094:User 2:(2,0, 0,0, -1,2):(0,1, 0,0, 1,1):(0,3, 0,0, -1,1):(0,0, 0,0, 0,0):right:::null::5:6:null:(-1,9, -0,7, 0,0)
345,8009:User 1:(2,0, 0,0, -1,2):(0,1, 0,0, -1,1):(0,3, 0,0, -1,1):(0,0, 0,0, 0,0):right:::null::5:6:null:(1,9, 0,5, 0,0)
345,8009:User 2:(2,0, 0,0, -1,2):(0,1, 0,0, 1,1):(0,3, 0,0, -1,1):(0,0, 0,0, 0,0):right:::null::5:6:null:(-1,9, -0,7, 0,0)
361,7929:User 1:(2,0, 0,0, -1,2):(0,1, 0,0, -1,1):(0,3, 0,0, -1,1):(0,0, 0,0, 0,0):right:::null::5:6:null:(1,9, 0,5, 0,0)
361,7929:User 2:(2,0, 0,0, -1,2):(0,1, 0,0, 1,1):(0,3, 0,0, -1,1):(0,0, 0,0, 0,0):right:::null::5:6:null:(-1,9, -0,7, 0,0)
378,8212:User 1:(2,0, 0,0, -1,2):(0,1, 0,0, -1,1):(0,3, 0,0, -1,1):(0,0, 0,0, 0,0):right:::null::5:6:null:(1,9, 0,5, 0,0)
378,8212:User 2:(2,0, 0,0, -1,2):(0,1, 0,0, 1,1):(0,3, 0,0, -1,1):(0,0, 0,0, 0,0):right:::null::5:6:null:(-1,9, -0,7, 0,0)
395,7709:User 1:(2,0, 0,0, -1,2):(0,1, 0,0, -1,1):(0,3, 0,0, -1,1):(0,0, 0,0, 0,0):right:::null::5:6:null:(1,9, 0,5, 0,0)
395,7709:User 2:(2,0, 0,0, -1,2):(0,1, 0,0, 1,1):(0,3, 0,0, -1,1):(0,0, 0,0, 0,0):right:::null::5:6:null:(-1,9, -0,7, 0,0)
411,7775:User 1:(2,0, 0,0, -1,2):(0,1, 0,0, -1,1):(0,3, 0,0, -1,1):(0,0, 0,0, 0,0):right:::null::5:6:null:(1,9, 0,5, 0,0)
411,7775:User 2:(2,0, 0,0, -1,2):(0,1, 0,0, 1,1):(0,3, 0,0, -1,1):(0,0, 0,0, 0,0):right:::null::5:6:null:(-1,9, -0,7, 0,0)
428,7536:User 1:(2,0, 0,0, -1,2):(0,1, 0,0, -1,1):(0,3, 0,0, -1,1):(0,0, 0,0, 0,0):right:::null::5:6:null:(1,9, 0,5, 0,0)
428,7536:User 2:(2,0, 0,0, -1,2):(0,1, 0,0, 1,1):(0,3, 0,0, -1,1):(0,0, 0,0, 0,0):right:::null::5:6:null:(-1,9, -0,7, 0,0)
444,7582:User 1:(2,0, 0,0, -1,2):(0,1, 0,0, -1,1):(0,3, 0,0, -1,1):(0,0, 0,0, 0,0):right:::null::5:6:null:(1,9, 0,5, 0,0)
444,7582:User 2:(2,0, 0,0, -1,2):(0,1, 0,0, 1,1):(0,3, 0,0, -1,1):(0,0, 0,0, 0,0):right:::null::5:6:null:(-1,9, -0,7, 0,0)
460,7329:User 1:(2,0, 0,0, -1,2):(0,1, 0,0, -1,1):(0,3, 0,0, -1,1):(0,0, 0,0, 0,0):right:::null::5:6:null:(1,9, 0,5, 0,0)
460,7329:User 2:(2,0, 0,0, -1,2):(0,1, 0,0, 1,1):(0,3, 0,0, -1,1):(0,0, 0,0, 0,0):right:::null::5:6:null:(-1,9, -0,7, 0,0)
478,763:User 1:(2,0, 0,0, -1,2):(0,1, 0,0, -1,1):(0,3, 0,0, -1,1):(0,0, 0,0, 0,0):right:::null::5:6:null:(1,9, 0,5, 0,0)
478,763:User 2:(2,0, 0,0, -1,2):(0,1, 0,0, 1,1):(0,3, 0,0, -1,1):(0,0, 0,0, 0,0):right:::null::5:6:null:(-1,9, -0,7, 0,0)
494,7538:User 1:(2,0, 0,0, -1,2):(0,1, 0,0, -1,1):(0,3, 0,0, -1,1):(0,0, 0,0, 0,0):right:::null::5:6:null:(1,9, 0,5, 0,0)
494,7538:User 2:(2,0, 0,0, -1,2):(0,1, 0,0, 1,1):(0,3, 0,0, -1,1):(0,0, 0,0, 0,0):right:::null::5:6:null:(-1,9, -0,7, 0,0)
511,7055:User 1:(2,0, 0,0, -1,2):(0,1, 0,0, -1,1):(0,3, 0,0, -1,1):(0,0, 0,0, 0,0):right:::null::5:6:null:(1,9, 0,5, 0,0)
511,7055:User 2:(2,0, 0,0, -1,2):(0,1, 0,0, 1,1):(0,3, 0,0, -1,1):(0,0, 0,0, 0,0):right:::null::5:6:null:(-1,9, -0,7, 0,0)
527,7015:User 1:(2,0, 0,0, -1,2):(0,1, 0,0, -1,1):(0,3, 0,0, -1,1):(0,0, 0,0, 0,0):right:::null::5:6:null:(1,9, 0,5, 0,0)
527,7015:User 2:(2,0, 0,0, -1,2):(0,1, 0,0, 1,1):(0,3, 0,0, -1,1):(0,0, 0,0, 0,0):right:::null::5:6:null:(-1,9, -0,7, 0,0)
544,6851:User 1:(2,0, 0,0, -1,2):(0,1, 0,0, -1,1):(0,3, 0,0, -1,1):(0,0, 0,0, 0,0):right:::null::5:6:null:(1,9, 0,5, 0,0)
544,6851:User 2:(2,0, 0,0, -1,2):(0,1, 0,0, 1,1):(0,3, 0,0, -1,1):(0,0, 0,0, 0,0):right:::null::5:6:null:(-1,9, -0,7, 0,0)
560,6913:User 1:(2,0, 0,0, -1,2):(0,1, 0,0, -1,1):(0,3, 0,0, -1,1):(0,0, 0,0, 0,0):right:::null::5:6:null:(1,9, 0,5, 0,0)
560,6913:User 2:(2,0, 0,0, -1,2):(0,1, 0,0, 1,1):(0,3, 0,0, -1,1):(0,0, 0,0, 0,0):right:::null::5:6:null:(-1,9, -0,7, 0,0)
577,6667:User 1:(2,0, 0,0, -1,2):(0,1, 0,0, -1,1):(0,3, 0,0, -1,1):(0,0, 0,0, 0,0):right:::null::5:6:null:(1,9, 0,5, 0,0)
577,6667:User 2:(2,0, 0,0, -1,2):(0,1, 0,0, 1,1):(0,3, 0,0, -1,1):(0,0, 0,0, 0,0):right:::null::5:6:null:(-1,9, -0,7, 0,0)
594,657:User 1:(2,0, 0,0, -1,2):(0,1, 0,0, -1,1):(0,3, 0,0, -1,1):(0,0, 0,0, 0,0):right:::null::5:6:null:(1,9, 0,5, 0,0)
594,657:User 2:(2,0, 0,0, -1,2):(0,1, 0,0, 1,1):(0,3, 0,0, -1,1):(0,0, 0,0, 0,0):right:::null::5:6:null:(-1,9, -0,7, 0,0)
610,6466:User 1:(2,0, 0,0, -1,2):(0,1, 0,0, -1,1):(0,3, 0,0, -1,1):(0,0, 0,0, 0,0):right:::null::5:6:null:(1,9, 0,5, 0,0)
610,6466:User 2:(2,0, 0,0, -1,2):(0,1, 0,0, 1,1):(0,3, 0,0, -1,1):(0,0, 0,0, 0,0):right:::null::5:6:null:(-1,9, -0,7, 0,0)
627,6484:User 1:(2,0, 0,0, -1,2):(0,1, 0,0, -1,1):(0,3, 0,0, -1,1):(0,0, 0,0, 0,0):right:::null::5:6:null:(1,9, 0,5, 0,0)
627,6484:User 2:(2,0, 0,0, -1,2):(0,1, 0,0, 1,1):(0,3, 0,0, -1,1):(0,0, 0,0, 0,0):right:::null::5:6:null:(-1,9, -0,7, 0,0)
644,6325:User 1:(2,0, 0,0, -1,2):(0,1, 0,0, -1,1):(0,3, 0,0, -1,1):(0,0, 0,0, 0,0):right:::null::5:6:null:(1,9, 0,5, 0,0)
644,6325:User 2:(2,0, 0,0, -1,2):(0,1, 0,0, 1,1):(0,3, 0,0, -1,1):(0,0, 0,0, 0,0):right:::null::5:6:null:(-1,9, -0,7, 0,0)
660,6205:User 1:(2,0, 0,0, -1,2):(0,1, 0,0, -1,1):(0,3, 0,0, -1,1):(0,0, 0,0, 0,0):right:::null::5:6:null:(1,9, 0,5, 0,0)
660,6205:User 2:(2,0, 0,0, -1,2):(0,1, 0,0, 1,1):(0,3, 0,0, -1,1):(0,0, 0,0, 0,0):right:::null::5:6:null:(-1,9, -0,7, 0,0)
677,6132:User 1:(2,0, 0,0, -1,2):(0,1, 0,0, -1,1):(0,3, 0,0, -1,1):(0,0, 0,0, 0,0):right:::null::5:6:null:(1,9, 0,5, 0,0)
677,6132:User 2:(2,0, 0,0, -1,2):(0,1, 0,0, 1,1):(0,3, 0,0, -1,1):(0,0, 0,0, 0,0):right:::null::5:6:null:(-1,9, -0,7, 0,0)
694,5993:User 1:(2,0, 0,0, -1,2):(0,1, 0,0, -1,1):(0,3, 0,0, -1,1):(0,0, 0,0, 0,0):right:::null::5:6:null:(1,9, 0,5, 0,0)
694,5993:User 2:(2,0, 0,0, -1,2):(0,1, 0,0, 1,1):(0,3, 0,0, -1,1):(0,0, 0,0, 0,0):right:::null::5:6:null:(-1,9, -0,7, 0,0)
710,5897:User 1:(2,0, 0,0, -1,2):(0,1, 0,0, -1,1):(0,3, 0,0, -1,1):(0,0, 0,0, 0,0):right:::null::5:6:null:(1,9, 0,5, 0,0)
710,5897:User 2:(2,0, 0,0, -1,2):(0,1, 0,0, 1,1):(0,3, 0,0, -1,1):(0,0, 0,0, 0,0):right:::null::5:6:null:(-1,9, -0,7, 0,0)
726,5963:User 1:(2,0, 0,0, -1,2):(0,1, 0,0, -1,1):(0,3, 0,0, -1,1):(0,0, 0,0, 0,0):right:::null::5:6:null:(1,9, 0,5, 0,0)
726,5963:User 2:(2,0, 0,0, -1,2):(0,1, 0,0, 1,1):(0,3, 0,0, -1,1):(0,0, 0,0, 0,0):right:::null::5:6:null:(-1,9, -0,7, 0,0)
744,5704:User 1:(2,0, 0,0, -1,2):(0,1, 0,0, -1,1):(0,3, 0,0, -1,1):(0,0, 0,0, 0,0):right:::null::5:6:null:(1,9, 0,5, 0,0)
744,5704:User 2:(2,0, 0,0, -1,2):(0,1, 0,0, 1,1):(0,3, 0,0, -1,1):(0,0, 0,0, 0,0):right:::null::5:6:null:(-1,9, -0,7, 0,0)
760,564:User 1:(2,0, 0,0, -1,2):(0,1, 0,0, -1,1):(0,3, 0,0, -1,1):(0,0, 0,0, 0,0):right:::null::5:6:null:(1,9, 0,5, 0,0)
760,564:User 2:(2,0, 0,0, -1,2):(0,1, 0,0, 1,1):(0,3, 0,0, -1,1):(0,0, 0,0, 0,0):right:::null::5:6:null:(-1,9, -0,7, 0,0)
776,5674:User 1:(2,0, 0,0, -1,2):(0,1, 0,0, -1,1):(0,3, 0,0, -1,1):(0,0, 0,0, 0,0):right:::null::5:6:null:(1,9, 0,5, 0,0)
776,5674:User 2:(2,0, 0,0, -1,2):(0,1, 0,0, 1,1):(0,3, 0,0, -1,1):(0,0, 0,0, 0,0):right:::null::5:6:null:(-1,9, -0,7, 0,0)
792,5586:User 1:(2,0, 0,0, -1,2):(0,1, 0,0, -1,1):(0,3, 0,0, -1,1):(0,0, 0,0, 0,0):right:::null::5:6:null:(1,9, 0,5, 0,0)
792,5586:User 2:(2,0, 0,0, -1,2):(0,1, 0,0, 1,1):(0,3, 0,0, -1,1):(0,0, 0,0, 0,0):right:::null::5:6:null:(-1,9, -0,7, 0,0)
809,549:User 1:(2,0, 0,0, -1,2):(0,1, 0,0, -1,1):(0,3, 0,0, -1,1):(0,0, 0,0, 0,0):right:::null::5:6:null:(1,9, 0,5, 0,0)
809,549:User 2:(2,0, 0,0, -1,2):(0,1, 0,0, 1,1):(0,3, 0,0, -1,1):(0,0, 0,0, 0,0):right:::null::5:6:null:(-1,9, -0,7, 0,0)
826,5389:User 1:(2,0, 0,0, -1,2):(0,1, 0,0, -1,1):(0,3, 0,0, -1,1):(0,0, 0,0, 0,0):right:::null::5:6:null:(1,9, 0,5, 0,0)
826,5389:User 2:(2,0, 0,0, -1,2):(0,1, 0,0, 1,1):(0,3, 0,0, -1,1):(0,0, 0,0, 0,0):right:::null::5:6:null:(-1,9, -0,7, 0,0)
842,5294:User 1:(2,0, 0,0, -1,2):(0,1, 0,0, -1,1):(0,3, 0,0, -1,1):(0,0, 0,0, 0,0):right:::null::5:6:null:(1,9, 0,5, 0,0)
842,5294:User 2:(2,0, 0,0, -1,2):(0,1, 0,0, 1,1):(0,3, 0,0, -1,1):(0,0, 0,0, 0,0):right:::null::5:6:null:(-1,9, -0,7, 0,0)
859,5035:User 1:(2,0, 0,0, -1,2):(0,1, 0,0, -1,1):(0,3, 0,0, -1,1):(0,0, 0,0, 0,0):right:::null::5:6:null:(1,9, 0,5, 0,0)
859,5035:User 2:(2,0, 0,0, -1,2):(0,1, 0,0, 1,1):(0,3, 0,0, -1,1):(0,0, 0,0, 0,0):right:::null::5:6:null:(-1,9, -0,7, 0,0)
875,5105:User 1:(2,0, 0,0, -1,2):(0,1, 0,0, -1,1):(0,3, 0,0, -1,1):(0,0, 0,0, 0,0):right:::null::5:6:null:(1,9, 0,5, 0,0)
875,5105:User 2:(2,0, 0,0, -1,2):(0,1, 0,0, 1,1):(0,3, 0,0, -1,1):(0,0, 0,0, 0,0):right:::null::5:6:null:(-1,9, -0,7, 0,0)
892,5009:User 1:(2,0, 0,0, -1,2):(0,1, 0,0, -1,1):(0,3, 0,0, -1,1):(0,0, 0,0, 0,0):right:::null::5:6:null:(1,9, 0,5, 0,0)
892,5009:User 2:(2,0, 0,0, -1,2):(0,1, 0,0, 1,1):(0,3, 0,0, -1,1):(0,0, 0,0, 0,0):right:::null::5:6:null:(-1,9, -0,7, 0,0)
909,4912:User 1:(2,0, 0,0, -1,2):(0,1, 0,0, -1,1):(0,3, 0,0, -1,1):(0,0, 0,0, 0,0):right:::null::5:6:null:(1,9, 0,5, 0,0)
909,4912:User 2:(2,0, 0,0, -1,2):(0,1, 0,0, 1,1):(0,3, 0,0, -1,1):(0,0, 0,0, 0,0):right:::null::5:6:null:(-1,9, -0,7, 0,0)
925,4821:User 1:(2,0, 0,0, -1,2):(0,1, 0,0, -1,1):(0,3, 0,0, -1,1):(0,0, 0,0, 0,0):right:::null::5:6:null:(1,9, 0,5, 0,0)
925,4821:User 2:(2,0, 0,0, -1,2):(0,1, 0,0, 1,1):(0,3, 0,0, -1,1):(0,0, 0,0, 0,0):right:::null::5:6:null:(-1,9, -0,7, 0,0)
941,4729:User 1:(2,0, 0,0, -1,2):(0,1, 0,0, -1,1):(0,3, 0,0, -1,1):(0,0, 0,0, 0,0):right:::null::5:6:null:(1,9, 0,5, 0,0)
941,4729:User 2:(2,0, 0,0, -1,2):(0,1, 0,0, 1,1):(0,3, 0,0, -1,1):(0,0, 0,0, 0,0):right:::null::5:6:null:(-1,9, -0,7, 0,0)
958,4628:User 1:(2,0, 0,0, -1,2):(0,1, 0,0, -1,1):(0,3, 0,0, -1,1):(0,0, 0,0, 0,0):right:::null::5:6:null:(1,9, 0,5, 0,0)
958,4628:User 2:(2,0, 0,0, -1,2):(0,1, 0,0, 1,1):(0,3, 0,0, -1,1):(0,0, 0,0, 0,0):right:::null::5:6:null:(-1,9, -0,7, 0,0)
975,4536:User 1:(2,0, 0,0, -1,2):(0,1, 0,0, -1,1):(0,3, 0,0, -1,1):(0,0, 0,0, 0,0):right:::null::5:6:null:(1,9, 0,5, 0,0)
975,4536:User 2:(2,0, 0,0, -1,2):(0,1, 0,0, 1,1):(0,3, 0,0, -1,1):(0,0, 0,0, 0,0):right:::null::5:6:null:(-1,9, -0,7, 0,0)
991,4444:User 1:(2,0, 0,0, -1,2):(0,1, 0,0, -1,1):(0,3, 0,0, -1,1):(0,0, 0,0, 0,0):right:::null::5:6:null:(1,9, 0,5, 0,0)
991,4444:User 2:(2,0, 0,0, -1,2):(0,1, 0,0, 1,1):(0,3, 0,0, -1,1):(0,0, 0,0, 0,0):right:::null::5:6:null:(-1,9, -0,7, 0,0)
1008,4343:User 1:(2,0, 0,0, -1,2):(0,1, 0,0, -1,1):(0,3, 0,0, -1,1):(0,0, 0,0, 0,0):right:::null::5:6:null:(1,9, 0,5, 0,0)
1008,4343:User 2:(2,0, 0,0, -1,2):(0,1, 0,0, 1,1):(0,3, 0,0, -1,1):(0,0, 0,0, 0,0):right:::null::5:6:null:(-1,9, -0,7, 0,0)
1025,4243:User 1:(2,0, 0,0, -1,2):(0,1, 0,0, -1,1):(0,3, 0,0, -1,1):(0,0, 0,0, 0,0):right:::null::5:6:null:(1,9, 0,5, 0,0)
1025,4243:User 2:(2,0, 0,0, -1,2):(0,1, 0,0, 1,1):(0,3, 0,0, -1,1):(0,0, 0,0, 0,0):right:::null::5:6:null:(-1,9, -0,7, 0,0)
1041,4017:User 1:(2,0, 0,0, -1,2):(0,1, 0,0, -1,1):(0,3, 0,0, -1,1):(0,0, 0,0, 0,0):right:::null::5:6:null:(1,9, 0,5, 0,0)
1041,4017:User 2:(2,0, 0,0, -1,2):(0,1, 0,0, 1,1):(0,3, 0,0, -1,1):(0,0, 0,0, 0,0):right:::null::5:6:null:(-1,9, -0,7, 0,0)
1058,3917:User 1:(2,0, 0,0, -1,2):(0,1, 0,0, -1,1):(0,3, 0,0, -1,1):(0,0, 0,0, 0,0):right:::null::5:6:null:(1,9, 0,5, 0,0)
1058,3917:User 2:(2,0, 0,0, -1,2):(0,1, 0,0, 1,1):(0,3, 0,0, -1,1):(0,0, 0,0, 0,0):right:::null::5:6:null:(-1,9, -0,7, 0,0)
1074,3971:User 1:(2,0, 0,0, -1,2):(0,1, 0,0, -1,1):(0,3, 0,0, -1,1):(0,0, 0,0, 0,0):right:::null::5:6:null:(1,9, 0,5, 0,0)
1074,3971:User 2:(2,0, 0,0, -1,2):(0,1, 0,0, 1,1):(0,3, 0,0, -1,1):(0,0, 0,0, 0,0):right:::null::5:6:null:(-1,9, -0,7, 0,0)
1091,3866:User 1:(2,0, 0,0, -1,2):(0,1, 0,0, -1,1):(0,3, 0,0, -1,1):(0,0, 0,0, 0,0):right:::null::5:6:null:(1,9, 0,5, 0,0)
1091,3866:User 2:(2,0, 0,0, -1,2):(0,1, 0,0, 1,1):(0,3, 0,0, -1,1):(0,0, 0,0, 0,0):right:::null::5:6:null:(-1,9, -0,7, 0,0)
1107,3779:User 1:(2,0, 0,0, -1,2):(0,1, 0,0, -1,1):(0,3, 0,0, -1,1):(0,0, 0,0, 0,0):right:::null::5:6:null:(1,9, 0,5, 0,0)
1107,3779:User 2:(2,0, 0,0, -1,2):(0,1, 0,0, 1,1):(0,3, 0,0, -1,1):(0,0, 0,0, 0,0):right:::null::5:6:null:(-1,9, -0,7, 0,0)
1124,3678:User 1:(2,0, 0,0, -1,2):(0,1, 0,0, -1,1):(0,3, 0,0, -1,1):(0,0, 0,0, 0,0):right:::null::5:6:null:(1,9, 0,5, 0,0)
1124,3678:User 2:(2,0, 0,0, -1,2):(0,1, 0,0, 1,1):(0,3, 0,0, -1,1):(0,0, 0,0, 0,0):right:::null::5:6:null:(-1,9, -0,7, 0,0)
1140,359:User 1:(2,0, 0,0, -1,2):(0,1, 0,0, -1,1):(0,3, 0,0, -1,1):(0,0, 0,0, 0,0):right:::null::5:6:null:(1,9, 0,5, 0,0)
1140,359:User 2:(2,0, 0,0, -1,2):(0,1, 0,0, 1,1):(0,3, 0,0, -1,1):(0,0, 0,0, 0,0):right:::null::5:6:null:(-1,9, -0,7, 0,0)
1157,349:User 1:(2,0, 0,0, -1,2):(0,1, 0,0, -1,1):(0,3, 0,0, -1,1):(0,0, 0,0, 0,0):right:::null::5:6:null:(1,9, 0,5, 0,0)
1157,349:User 2:(2,0, 0,0, -1,2):(0,1, 0,0, 1,1):(0,3, 0,0, -1,1):(0,0, 0,0, 0,0):right:::null::5:6:null:(-1,9, -0,7, 0,0)
1174,3247:User 1:(2,0, 0,0, -1,2):(0,1, 0,0, -1,1):(0,3, 0,0, -1,1):(0,0, 0,0, 0,0):right:::null::5:6:null:(1,9, 0,5, 0,0)
1174,3247:User 2:(2,0, 0,0, -1,2):(0,1, 0,0, 1,1):(0,3, 0,0, -1,1):(0,0, 0,0, 0,0):right:::null::5:6:null:(-1,9, -0,7, 0,0)
1190,3298:User 1:(2,0, 0,0, -1,2):(0,1, 0,0, -1,1):(0,3, 0,0, -1,1):(0,0, 0,0, 0,0):right:::null::5:6:null:(1,9, 0,5, 0,0)
1190,3298:User 2:(2,0, 0,0, -1,2):(0,1, 0,0, 1,1):(0,3, 0,0, -1,1):(0,0, 0,0, 0,0):right:::null::5:6:null:(-1,9, -0,7, 0,0)
1207,3201:User 1:(2,0, 0,0, -1,2):(0,1, 0,0, -1,1):(0,3, 0,0, -1,1):(0,0, 0,0, 0,0):right:::null::5:6:null:(1,9, 0,5, 0,0)
1207,3201:User 2:(2,0, 0,0, -1,2):(0,1, 0,0, 1,1):(0,3, 0,0, -1,1):(0,0, 0,0, 0,0):right:::null::5:6:null:(-1,9, -0,7, 0,0)
1224,3105:User 1:(2,0, 0,0, -1,2):(0,1, 0,0, -1,1):(0,3, 0,0, -1,1):(0,0, 0,0, 0,0):right:::null::5:6:null:(1,9, 0,5, 0,0)
1224,3105:User 2:(2,0, 0,0, -1,2):(0,1, 0,0, 1,1):(0,3, 0,0, -1,1):(0,0, 0,0, 0,0):right:::null::5:6:null:(-1,9, -0,7, 0,0)
1240,3017:User 1:(2,0, 0,0, -1,2):(0,1, 0,0, -1,1):(0,3, 0,0, -1,1):(0,0, 0,0, 0,0):right:::null::5:6:null:(1,9, 0,5, 0,0)
1240,3017:User 2:(2,0, 0,0, -1,2):(0,1, 0,0, 1,1):(0,3, 0,0, -1,1):(0,0, 0,0, 0,0):right:::null::5:6:null:(-1,9, -0,7, 0,0)
1257,2758:User 1:(2,0, 0,0, -1,2):(0,1, 0,0, -1,1):(0,3, 0,0, -1,1):(0,0, 0,0, 0,0):right:::null::5:6:null:(1,9, 0,5, 0,0)
1257,2758:User 2:(2,0, 0,0, -1,2):(0,1, 0,0, 1,1):(0,3, 0,0, -1,1):(0,0, 0,0, 0,0):right:::null::5:6:null:(-1,9, -0,7, 0,0)
1273,2824:User 1:(2,0, 0,0, -1,2):(0,1, 0,0, -1,1):(0,3, 0,0, -1,1):(0,0, 0,0, 0,0):right:::null::5:6:null:(1,9, 0,5, 0,0)
1273,2824:User 2:(2,0, 0,0, -1,2):(0,1, 0,0, 1,1):(0,3, 0,0, -1,1):(0,0, 0,0, 0,0):right:::null::5:6:null:(-1,9, -0,7, 0,0)
1290,2582:User 1:(2,0, 0,0, -1,2):(0,1, 0,0, -1,1):(0,3, 0,0, -1,1):(0,0, 0,0, 0,0):right:::null::5:6:null:(1,9, 0,5, 0,0)
1290,2582:User 2:(2,0, 0,0, -1,2):(0,1, 0,0, 1,1):(0,3, 0,0, -1,1):(0,0, 0,0, 0,0):right:::null::5:6:null:(-1,9, -0,7, 0,0)
1306,249:User 1:(2,0, 0,0, -1,2):(0,1, 0,0, -1,1):(0,3, 0,0, -1,1):(0,0, 0,0, 0,0):right:::null::5:6:null:(1,9, 0,5, 0,0)
1306,249:User 2:(2,0, 0,0, -1,2):(0,1, 0,0, 1,1):(0,3, 0,0, -1,1):(0,0, 0,0, 0,0):right:::null::5:6:null:(-1,9, -0,7, 0,0)
1323,2374:User 1:(2,0, 0,0, -1,2):(0,1, 0,0, -1,1):(0,3, 0,0, -1,1):(0,0, 0,0, 0,0):right:::null::5:6:null:(1,9, 0,5, 0,0)
1323,2374:User 2:(2,0, 0,0, -1,2):(0,1, 0,0, 1,1):(0,3, 0,0, -1,1):(0,0, 0,0, 0,0):right:::null::5:6:null:(-1,9, -0,7, 0,0)
1340,2289:User 1:(2,0, 0,0, -1,2):(0,1, 0,0, -1,1):(0,3, 0,0, -1,1):(0,0, 0,0, 0,0):right:::null::5:6:null:(1,9, 0,5, 0,0)
1340,2289:User 2:(2,0, 0,0, -1,2):(0,1, 0,0, 1,1):(0,3, 0,0, -1,1):(0,0, 0,0, 0,0):right:::null::5:6:null:(-1,9, -0,7, 0,0)
1356,2189:User 1:(2,0, 0,0, -1,2):(0,1, 0,0, -1,1):(0,3, 0,0, -1,1):(0,0, 0,0, 0,0):right:::null::5:6:null:(1,9, 0,5, 0,0)
1356,2189:User 2:(2,0, 0,0, -1,2):(0,1, 0,0, 1,1):(0,3, 0,0, -1,1):(0,0, 0,0, 0,0):right:::null::5:6:null:(-1,9, -0,7, 0,0)
1373,2093:User 1:(2,0, 0,0, -1,2):(0,1, 0,0, -1,1):(0,3, 0,0, -1,1):(0,0, 0,0, 0,0):right:::null::5:6:null:(1,9, 0,5, 0,0)
1373,2093:User 2:(2,0, 0,0, -1,2):(0,1, 0,0, 1,1):(0,3, 0,0, -1,1):(0,0, 0,0, 0,0):right:::null::5:6:null:(-1,9, -0,7, 0,0)
1389,2021:User 1:(2,0, 0,0, -1,2):(0,1, 0,0, -1,1):(0,3, 0,0, -1,1):(0,0, 0,0, 0,0):right:::null::5:6:null:(1,9, 0,5, 0,0)
1389,2021:User 2:(2,0, 0,0, -1,2):(0,1, 0,0, 1,1):(0,3, 0,0, -1,1):(0,0, 0,0, 0,0):right:::null::5:6:null:(-1,9, -0,7, 0,0)
1406,1905:User 1:(2,0, 0,0, -1,2):(0,1, 0,0, -1,1):(0,3, 0,0, -1,1):(0,0, 0,0, 0,0):right:::null::5:6:null:(1,9, 0,5, 0,0)
1406,1905:User 2:(2,0, 0,0, -1,2):(0,1, 0,0, 1,1):(0,3, 0,0, -1,1):(0,0, 0,0, 0,0):right:::null::5:6:null:(-1,9, -0,7, 0,0)
1422,1967:User 1:(2,0, 0,0, -1,2):(0,1, 0,0, -1,1):(0,3, 0,0, -1,1):(0,0, 0,0, 0,0):right:::null::5:6:null:(1,9, 0,5, 0,0)
1422,1967:User 2:(2,0, 0,0, -1,2):(0,1, 0,0, 1,1):(0,3, 0,0, -1,1):(0,0, 0,0, 0,0):right:::null::5:6:null:(-1,9, -0,7, 0,0)
1439,1866:User 1:(2,0, 0,0, -1,2):(0,1, 0,0, -1,1):(0,3, 0,0, -1,1):(0,0, 0,0, 0,0):right:::null::5:6:null:(1,9, 0,5, 0,0)
1439,1866:User 2:(2,0, 0,0, -1,2):(0,1, 0,0, 1,1):(0,3, 0,0, -1,1):(0,0, 0,0, 0,0):right:::null::5:6:null:(-1,9, -0,7, 0,0)
1456,162:User 1:(2,0, 0,0, -1,2):(0,1, 0,0, -1,1):(0,3, 0,0, -1,1):(0,0, 0,0, 0,0):right:::null::5:6:null:(1,9, 0,5, 0,0)
1456,162:User 2:(2,0, 0,0, -1,2):(0,1, 0,0, 1,1):(0,3, 0,0, -1,1):(0,0, 0,0, 0,0):right:::null::5:6:null:(-1,9, -0,7, 0,0)
1472,1682:User 1:(2,0, 0,0, -1,2):(0,1, 0,0, -1,1):(0,3, 0,0, -1,1):(0,0, 0,0, 0,0):right:::null::5:6:null:(1,9, 0,5, 0,0)
1472,1682:User 2:(2,0, 0,0, -1,2):(0,1, 0,0, 1,1):(0,3, 0,0, -1,1):(0,0, 0,0, 0,0):right:::null::5:6:null:(-1,9, -0,7, 0,0)
1489,1443:User 1:(2,0, 0,0, -1,2):(0,1, 0,0, -1,1):(0,3, 0,0, -1,1):(0,0, 0,0, 0,0):right:::null::5:6:null:(1,9, 0,5, 0,0)
1489,1443:User 2:(2,0, 0,0, -1,2):(0,1, 0,0, 1,1):(0,3, 0,0, -1,1):(0,0, 0,0, 0,0):right:::null::5:6:null:(-1,9, -0,7, 0,0)
1505,1494:User 1:(2,0, 0,0, -1,2):(0,1, 0,0, -1,1):(0,3, 0,0, -1,1):(0,0, 0,0, 0,0):right:::null::5:6:null:(1,9, 0,5, 0,0)
1505,1494:User 2:(2,0, 0,0, -1,2):(0,1, 0,0, 1,1):(0,3, 0,0, -1,1):(0,0, 0,0, 0,0):right:::null::5:6:null:(-1,9, -0,7, 0,0)
1521,1422:User 1:(2,0, 0,0, -1,2):(0,1, 0,0, -1,1):(0,3, 0,0, -1,1):(0,0, 0,0, 0,0):right:::null::5:6:null:(1,9, 0,5, 0,0)
1521,1422:User 2:(2,0, 0,0, -1,2):(0,1, 0,0, 1,1):(0,3, 0,0, -1,1):(0,0, 0,0, 0,0):right:::null::5:6:null:(-1,9, -0,7, 0,0)
1539,1297:User 1:(2,0, 0,0, -1,2):(0,1, 0,0, -1,1):(0,3, 0,0, -1,1):(0,0, 0,0, 0,0):right:::null::5:6:null:(1,9, 0,5, 0,0)
1539,1297:User 2:(2,0, 0,0, -1,2):(0,1, 0,0, 1,1):(0,3, 0,0, -1,1):(0,0, 0,0, 0,0):right:::null::5:6:null:(-1,9, -0,7, 0,0)
1555,1051:User 1:(2,0, 0,0, -1,2):(0,1, 0,0, -1,1):(0,3, 0,0, -1,1):(0,0, 0,0, 0,0):right:::null::5:6:null:(1,9, 0,5, 0,0)
1555,1051:User 2:(2,0, 0,0, -1,2):(0,1, 0,0, 1,1):(0,3, 0,0, -1,1):(0,0, 0,0, 0,0):right:::null::5:6:null:(-1,9, -0,7, 0,0)
1571,0951:User 1:(2,0, 0,0, -1,2):(0,1, 0,0, -1,1):(0,3, 0,0, -1,1):(0,0, 0,0, 0,0):right:::null::5:6:null:(1,9, 0,5, 0,0)
1571,0951:User 2:(2,0, 0,0, -1,2):(0,1, 0,0, 1,1):(0,3, 0,0, -1,1):(0,0, 0,0, 0,0):right:::null::5:6:null:(-1,9, -0,7, 0,0)
1588,1017:User 1:(2,0, 0,0, -1,2):(0,1, 0,0, -1,1):(0,3, 0,0, -1,1):(0,0, 0,0, 0,0):right:::null::5:6:null:(1,9, 0,5, 0,0)
1588,1017:User 2:(2,0, 0,0, -1,2):(0,1, 0,0, 1,1):(0,3, 0,0, -1,1):(0,0, 0,0, 0,0):right:::null::5:6:null:(-1,9, -0,7, 0,0)
1605,0778:User 1:(2,0, 0,0, -1,2):(0,1, 0,0, -1,1):(0,3, 0,0, -1,1):(0,0, 0,0, 0,0):right:::null::5:6:null:(1,9, 0,5, 0,0)
1605,0778:User 2:(2,0, 0,0, -1,2):(0,1, 0,0, 1,1):(0,3, 0,0, -1,1):(0,0, 0,0, 0,0):right:::null::5:6:null:(-1,9, -0,7, 0,0)
1621,0828:User 1:(2,0, 0,0, -1,2):(0,1, 0,0, -1,1):(0,3, 0,0, -1,1):(0,0, 0,0, 0,0):right:::null::5:6:null:(1,9, 0,5, 0,0)
1621,0828:User 2:(2,0, 0,0, -1,2):(0,1, 0,0, 1,1):(0,3, 0,0, -1,1):(0,0, 0,0, 0,0):right:::null::5:6:null:(-1,9, -0,7, 0,0)
1638,0732:User 1:(2,0, 0,0, -1,2):(0,1, 0,0, -1,1):(0,3, 0,0, -1,1):(0,0, 0,0, 0,0):right:::null::5:6:null:(1,9, 0,5, 0,0)
1638,0732:User 2:(2,0, 0,0, -1,2):(0,1, 0,0, 1,1):(0,3, 0,0, -1,1):(0,0, 0,0, 0,0):right:::null::5:6:null:(-1,9, -0,7, 0,0)
1654,064:User 1:(2,0, 0,0, -1,2):(0,1, 0,0, -1,1):(0,3, 0,0, -1,1):(0,0, 0,0, 0,0):right:::null::5:6:null:(1,9, 0,5, 0,0)
1654,064:User 2:(2,0, 0,0, -1,2):(0,1, 0,0, 1,1):(0,3, 0,0, -1,1):(0,0, 0,0, 0,0):right:::null::5:6:null:(-1,9, -0,7, 0,0)
1671,0544:User 1:(2,0, 0,0, -1,2):(0,1, 0,0, -1,1):(0,3, 0,0, -1,1):(0,0, 0,0, 0,0):right:::null::5:6:null:(1,9, 0,5, 0,0)
1671,0544:User 2:(2,0, 0,0, -1,2):(0,1, 0,0, 1,1):(0,3, 0,0, -1,1):(0,0, 0,0, 0,0):right:::null::5:6:null:(-1,9, -0,7, 0,0)
1688,0443:User 1:(2,0, 0,0, -1,2):(0,1, 0,0, -1,1):(0,3, 0,0, -1,1):(0,0, 0,0, 0,0):right:::null::5:6:null:(1,9, 0,5, 0,0)
1688,0443:User 2:(2,0, 0,0, -1,2):(0,1, 0,0, 1,1):(0,3, 0,0, -1,1):(0,0, 0,0, 0,0):right:::null::5:6:null:(-1,9, -0,7, 0,0)
1704,0355:User 1:(2,0, 0,0, -1,2):(0,1, 0,0, -1,1):(0,3, 0,0, -1,1):(0,0, 0,0, 0,0):right:::null::5:6:null:(1,9, 0,5, 0,0)
1704,0355:User 2:(2,0, 0,0, -1,2):(0,1, 0,0, 1,1):(0,3, 0,0, -1,1):(0,0, 0,0, 0,0):right:::null::5:6:null:(-1,9, -0,7, 0,0)
1721,0255:User 1:(2,0, 0,0, -1,2):(0,1, 0,0, -1,1):(0,3, 0,0, -1,1):(0,0, 0,0, 0,0):right:::null::5:6:null:(1,9, 0,5, 0,0)
1721,0255:User 2:(2,0, 0,0, -1,2):(0,1, 0,0, 1,1):(0,3, 0,0, -1,1):(0,0, 0,0, 0,0):right:::null::5:6:null:(-1,9, -0,7, 0,0)
1737,0163:User 1:(2,0, 0,0, -1,2):(0,1, 0,0, -1,1):(0,3, 0,0, -1,1):(0,0, 0,0, 0,0):right:::null::5:6:null:(1,9, 0,5, 0,0)
1737,0163:User 2:(2,0, 0,0, -1,2):(0,1, 0,0, 1,1):(0,3, 0,0, -1,1):(0,0, 0,0, 0,0):right:::null::5:6:null:(-1,9, -0,7, 0,0)
1753,9909:User 1:(2,0, 0,0, -1,2):(0,1, 0,0, -1,1):(0,3, 0,0, -1,1):(0,0, 0,0, 0,0):right:::null::5:6:null:(1,9, 0,5, 0,0)
1753,9909:User 2:(2,0, 0,0, -1,2):(0,1, 0,0, 1,1):(0,3, 0,0, -1,1):(0,0, 0,0, 0,0):right:::null::5:6:null:(-1,9, -0,7, 0,0)
1770,997:User 1:(2,0, 0,0, -1,2):(0,1, 0,0, -1,1):(0,3, 0,0, -1,1):(0,0, 0,0, 0,0):right:::null::5:6:null:(1,9, 0,5, 0,0)
1770,997:User 2:(2,0, 0,0, -1,2):(0,1, 0,0, 1,1):(0,3, 0,0, -1,1):(0,0, 0,0, 0,0):right:::null::5:6:null:(-1,9, -0,7, 0,0)
1786,9874:User 1:(2,0, 0,0, -1,2):(0,1, 0,0, -1,1):(0,3, 0,0, -1,1):(0,0, 0,0, 0,0):right:::null::5:6:null:(1,9, 0,5, 0,0)
1786,9874:User 2:(2,0, 0,0, -1,2):(0,1, 0,0, 1,1):(0,3, 0,0, -1,1):(0,0, 0,0, 0,0):right:::null::5:6:null:(-1,9, -0,7, 0,0)
1803,9734:User 1:(2,0, 0,0, -1,2):(0,1, 0,0, -1,1):(0,3, 0,0, -1,1):(0,0, 0,0, 0,0):right:::null::5:6:null:(1,9, 0,5, 0,0)
1803,9734:User 2:(2,0, 0,0, -1,2):(0,1, 0,0, 1,1):(0,3, 0,0, -1,1):(0,0, 0,0, 0,0):right:::null::5:6:null:(-1,9, -0,7, 0,0)
1819,9682:User 1:(2,0, 0,0, -1,2):(0,1, 0,0, -1,1):(0,3, 0,0, -1,1):(0,0, 0,0, 0,0):right:::null::5:6:null:(1,9, 0,5, 0,0)
1819,9682:User 2:(2,0, 0,0, -1,2):(0,1, 0,0, 1,1):(0,3, 0,0, -1,1):(0,0, 0,0, 0,0):right:::null::5:6:null:(-1,9, -0,7, 0,0)
1836,9593:User 1:(2,0, 0,0, -1,2):(0,1, 0,0, -1,1):(0,3, 0,0, -1,1):(0,0, 0,0, 0,0):right:::null::5:6:null:(1,9, 0,5, 0,0)
1836,9593:User 2:(2,0, 0,0, -1,2):(0,1, 0,0, 1,1):(0,3, 0,0, -1,1):(0,0, 0,0, 0,0):right:::null::5:6:null:(-1,9, -0,7, 0,0)
1852,9498:User 1:(2,0, 0,0, -1,2):(0,1, 0,0, -1,1):(0,3, 0,0, -1,1):(0,0, 0,0, 0,0):right:::null::5:6:null:(1,9, 0,5, 0,0)
1852,9498:User 2:(2,0, 0,0, -1,2):(0,1, 0,0, 1,1):(0,3, 0,0, -1,1):(0,0, 0,0, 0,0):right:::null::5:6:null:(-1,9, -0,7, 0,0)
1869,9417:User 1:(2,0, 0,0, -1,2):(0,1, 0,0, -1,1):(0,3, 0,0, -1,1):(0,0, 0,0, 0,0):right:::null::5:6:null:(1,9, 0,5, 0,0)
1869,9417:User 2:(2,0, 0,0, -1,2):(0,1, 0,0, 1,1):(0,3, 0,0, -1,1):(0,0, 0,0, 0,0):right:::null::5:6:null:(-1,9, -0,7, 0,0)
1885,9305:User 1:(2,0, 0,0, -1,2):(0,1, 0,0, -1,1):(0,3, 0,0, -1,1):(0,0, 0,0, 0,0):right:::null::5:6:null:(1,9, 0,5, 0,0)
1885,9305:User 2:(2,0, 0,0, -1,2):(0,1, 0,0, 1,1):(0,3, 0,0, -1,1):(0,0, 0,0, 0,0):right:::null::5:6:null:(-1,9, -0,7, 0,0)
1902,9209:User 1:(2,0, 0,0, -1,2):(0,1, 0,0, -1,1):(0,3, 0,0, -1,1):(0,0, 0,0, 0,0):right:::null::5:6:null:(1,9, 0,5, 0,0)
1902,9209:User 2:(2,0, 0,0, -1,2):(0,1, 0,0, 1,1):(0,3, 0,0, -1,1):(0,0, 0,0, 0,0):right:::null::5:6:null:(-1,9, -0,7, 0,0)
1919,897:User 1:(2,0, 0,0, -1,2):(0,1, 0,0, -1,1):(0,3, 0,0, -1,1):(0,0, 0,0, 0,0):right:::null::5:6:null:(1,9, 0,5, 0,0)
1919,897:User 2:(2,0, 0,0, -1,2):(0,1, 0,0, 1,1):(0,3, 0,0, -1,1):(0,0, 0,0, 0,0):right:::null::5:6:null:(-1,9, -0,7, 0,0)
1935,9025:User 1:(2,0, 0,0, -1,2):(0,1, 0,0, -1,1):(0,3, 0,0, -1,1):(0,0, 0,0, 0,0):right:::null::5:6:null:(1,9, 0,5, 0,0)
1935,9025:User 2:(2,0, 0,0, -1,2):(0,1, 0,0, 1,1):(0,3, 0,0, -1,1):(0,0, 0,0, 0,0):right:::null::5:6:null:(-1,9, -0,7, 0,0)
1952,8928:User 1:(2,0, 0,0, -1,2):(0,1, 0,0, -1,1):(0,3, 0,0, -1,1):(0,0, 0,0, 0,0):right:::null::5:6:null:(1,9, 0,5, 0,0)
1952,8928:User 2:(2,0, 0,0, -1,2):(0,1, 0,0, 1,1):(0,3, 0,0, -1,1):(0,0, 0,0, 0,0):right:::null::5:6:null:(-1,9, -0,7, 0,0)
1968,869:User 1:(2,0, 0,0, -1,2):(0,1, 0,0, -1,1):(0,3, 0,0, -1,1):(0,0, 0,0, 0,0):right:::null::5:6:null:(1,9, 0,5, 0,0)
1968,869:User 2:(2,0, 0,0, -1,2):(0,1, 0,0, 1,1):(0,3, 0,0, -1,1):(0,0, 0,0, 0,0):right:::null::5:6:null:(-1,9, -0,7, 0,0)
1985,8732:User 1:(2,0, 0,0, -1,2):(0,1, 0,0, -1,1):(0,3, 0,0, -1,1):(0,0, 0,0, 0,0):right:::null::5:6:null:(1,9, 0,5, 0,0)
1985,8732:User 2:(2,0, 0,0, -1,2):(0,1, 0,0, 1,1):(0,3, 0,0, -1,1):(0,0, 0,0, 0,0):right:::null::5:6:null:(-1,9, -0,7, 0,0)
2002,8635:User 1:(2,0, 0,0, -1,2):(0,1, 0,0, -1,1):(0,3, 0,0, -1,1):(0,0, 0,0, 0,0):right:::null::5:6:null:(1,9, 0,5, 0,0)
2002,8635:User 2:(2,0, 0,0, -1,2):(0,1, 0,0, 1,1):(0,3, 0,0, -1,1):(0,0, 0,0, 0,0):right:::null::5:6:null:(-1,9, -0,7, 0,0)
2018,8551:User 1:(2,0, 0,0, -1,2):(0,1, 0,0, -1,1):(0,3, 0,0, -1,1):(0,0, 0,0, 0,0):right:::null::5:6:null:(1,9, 0,5, 0,0)
2018,8551:User 2:(2,0, 0,0, -1,2):(0,1, 0,0, 1,1):(0,3, 0,0, -1,1):(0,0, 0,0, 0,0):right:::null::5:6:null:(-1,9, -0,7, 0,0)
2035,8455:User 1:(2,0, 0,0, -1,2):(0,1, 0,0, -1,1):(0,3, 0,0, -1,1):(0,0, 0,0, 0,0):right:::null::5:6:null:(1,9, 0,5, 0,0)
2035,8455:User 2:(2,0, 0,0, -1,2):(0,1, 0,0, 1,1):(0,3, 0,0, -1,1):(0,0, 0,0, 0,0):right:::null::5:6:null:(-1,9, -0,7, 0,0)
2051,8359:User 1:(2,0, 0,0, -1,2):(0,1, 0,0, -1,1):(0,3, 0,0, -1,1):(0,0, 0,0, 0,0):right:::null::5:6:null:(1,9, 0,5, 0,0)
2051,8359:User 2:(2,0, 0,0, -1,2):(0,1, 0,0, 1,1):(0,3, 0,0, -1,1):(0,0, 0,0, 0,0):right:::null::5:6:null:(-1,9, -0,7, 0,0)
2068,8117:User 1:(2,0, 0,0, -1,2):(0,1, 0,0, -1,1):(0,3, 0,0, -1,1):(0,0, 0,0, 0,0):right:::null::5:6:null:(1,9, 0,5, 0,0)
2068,8117:User 2:(2,0, 0,0, -1,2):(0,1, 0,0, 1,1):(0,3, 0,0, -1,1):(0,0, 0,0, 0,0):right:::null::5:6:null:(-1,9, -0,7, 0,0)
2084,8167:User 1:(2,0, 0,0, -1,2):(0,1, 0,0, -1,1):(0,3, 0,0, -1,1):(0,0, 0,0, 0,0):right:::null::5:6:null:(1,9, 0,5, 0,0)
2084,8167:User 2:(2,0, 0,0, -1,2):(0,1, 0,0, 1,1):(0,3, 0,0, -1,1):(0,0, 0,0, 0,0):right:::null::5:6:null:(-1,9, -0,7, 0,0)
2100,8075:User 1:(2,0, 0,0, -1,2):(0,1, 0,0, -1,1):(0,3, 0,0, -1,1):(0,0, 0,0, 0,0):right:::null::5:6:null:(1,9, 0,5, 0,0)
2100,8075:User 2:(2,0, 0,0, -1,2):(0,1, 0,0, 1,1):(0,3, 0,0, -1,1):(0,0, 0,0, 0,0):right:::null::5:6:null:(-1,9, -0,7, 0,0)
2118,7812:User 1:(2,0, 0,0, -1,2):(0,1, 0,0, -1,1):(0,3, 0,0, -1,1):(0,0, 0,0, 0,0):right:::null::5:6:null:(1,9, 0,5, 0,0)
2118,7812:User 2:(2,0, 0,0, -1,2):(0,1, 0,0, 1,1):(0,3, 0,0, -1,1):(0,0, 0,0, 0,0):right:::null::5:6:null:(-1,9, -0,7, 0,0)
2134,7886:User 1:(2,0, 0,0, -1,2):(0,1, 0,0, -1,1):(0,3, 0,0, -1,1):(0,0, 0,0, 0,0):right:::null::5:6:null:(1,9, 0,5, 0,0)
2134,7886:User 2:(2,0, 0,0, -1,2):(0,1, 0,0, 1,1):(0,3, 0,0, -1,1):(0,0, 0,0, 0,0):right:::null::5:6:null:(-1,9, -0,7, 0,0)
2151,7628:User 1:(2,0, 0,0, -1,2):(0,1, 0,0, -1,1):(0,3, 0,0, -1,1):(0,0, 0,0, 0,0):right:::null::5:6:null:(1,9, 0,5, 0,0)
2151,7628:User 2:(2,0, 0,0, -1,2):(0,1, 0,0, 1,1):(0,3, 0,0, -1,1):(0,0, 0,0, 0,0):right:::null::5:6:null:(-1,9, -0,7, 0,0)
2167,769:User 1:(2,0, 0,0, -1,2):(0,1, 0,0, -1,1):(0,3, 0,0, -1,1):(0,0, 0,0, 0,0):right:::null::5:6:null:(1,9, 0,5, 0,0)
2167,769:User 2:(2,0, 0,0, -1,2):(0,1, 0,0, 1,1):(0,3, 0,0, -1,1):(0,0, 0,0, 0,0):right:::null::5:6:null:(-1,9, -0,7, 0,0)
2184,7593:User 1:(2,0, 0,0, -1,2):(0,1, 0,0, -1,1):(0,3, 0,0, -1,1):(0,0, 0,0, 0,0):right:::null::5:6:null:(1,9, 0,5, 0,0)
2184,7593:User 2:(2,0, 0,0, -1,2):(0,1, 0,0, 1,1):(0,3, 0,0, -1,1):(0,0, 0,0, 0,0):right:::null::5:6:null:(-1,9, -0,7, 0,0)
2200,7506:User 1:(2,0, 0,0, -1,2):(0,1, 0,0, -1,1):(0,3, 0,0, -1,1):(0,0, 0,0, 0,0):right:::null::5:6:null:(1,9, 0,5, 0,0)
2200,7506:User 2:(2,0, 0,0, -1,2):(0,1, 0,0, 1,1):(0,3, 0,0, -1,1):(0,0, 0,0, 0,0):right:::null::5:6:null:(-1,9, -0,7, 0,0)
2217,7405:User 1:(2,0, 0,0, -1,2):(0,1, 0,0, -1,1):(0,3, 0,0, -1,1):(0,0, 0,0, 0,0):right:::null::5:6:null:(1,9, 0,5, 0,0)
2217,7405:User 2:(2,0, 0,0, -1,2):(0,1, 0,0, 1,1):(0,3, 0,0, -1,1):(0,0, 0,0, 0,0):right:::null::5:6:null:(-1,9, -0,7, 0,0)
2234,7151:User 1:(2,0, 0,0, -1,2):(0,1, 0,0, -1,1):(0,3, 0,0, -1,1):(0,0, 0,0, 0,0):right:::null::5:6:null:(1,9, 0,5, 0,0)
2234,7151:User 2:(2,0, 0,0, -1,2):(0,1, 0,0, 1,1):(0,3, 0,0, -1,1):(0,0, 0,0, 0,0):right:::null::5:6:null:(-1,9, -0,7, 0,0)
