Time:User:UserPos:UserRHPos:UserLHPos:UserPosToque:UserMaoDeToque:UserTouchType:UserAction:HoverUnityName:HoverObjectType:NQuadToSelect:NCircToSelect:LastCollidingObj:HandCubePos
3,006:User 1:(2,0, 0,0, -1,2):(0,1, 0,0, -1,1):(0,3, 0,0, -1,1):(0,0, 0,0, 0,0):right:::null::5:6:null:(1,9, 0,5, 0,0)
3,006:User 2:(2,0, 0,0, -1,2):(0,1, 0,0, 1,1):(0,3, 0,0, -1,1):(0,0, 0,0, 0,0):right:::null::5:6:null:(-1,9, -0,7, 0,0)
15,9892:User 1:(2,0, 0,0, -1,2):(0,1, 0,0, -1,1):(0,3, 0,0, -1,1):(0,0, 0,0, 0,0):right:::null::5:6:null:(1,9, 0,5, 0,0)
15,9892:User 2:(2,0, 0,0, -1,2):(0,1, 0,0, 1,1):(0,3, 0,0, -1,1):(0,0, 0,0, 0,0):right:::null::5:6:null:(-1,9, -0,7, 0,0)
31,982:User 1:(2,0, 0,0, -1,2):(0,1, 0,0, -1,1):(0,3, 0,0, -1,1):(0,0, 0,0, 0,0):right:::null::5:6:null:(1,9, 0,5, 0,0)
31,982:User 2:(2,0, 0,0, -1,2):(0,1, 0,0, 1,1):(0,3, 0,0, -1,1):(0,0, 0,0, 0,0):right:::null::5:6:null:(-1,9, -0,7, 0,0)
48,9747:User 1:(2,0, 0,0, -1,2):(0,1, 0,0, -1,1):(0,3, 0,0, -1,1):(0,0, 0,0, 0,0):right:::null::5:6:null:(1,9, 0,5, 0,0)
48,9747:User 2:(2,0, 0,0, -1,2):(0,1, 0,0, 1,1):(0,3, 0,0, -1,1):(0,0, 0,0, 0,0):right:::null::5:6:null:(-1,9, -0,7, 0,0)
65,9623:User 1:(2,0, 0,0, -1,2):(0,1, 0,0, -1,1):(0,3, 0,0, -1,1):(0,0, 0,0, 0,0):right:::null::5:6:null:(1,9, 0,5, 0,0)
65,9623:User 2:(2,0, 0,0, -1,2):(0,1, 0,0, 1,1):(0,3, 0,0, -1,1):(0,0, 0,0, 0,0):right:::null::5:6:null:(-1,9, -0,7, 0,0)
81,9555:User 1:(2,0, 0,0, -1,2):(0,1, 0,0, -1,1):(0,3, 0,0, -1,1):(0,0, 0,0, 0,0):right:::null::5:6:null:(1,9, 0,5, 0,0)
81,9555:User 2:(2,0, 0,0, -1,2):(0,1, 0,0, 1,1):(0,3, 0,0, -1,1):(0,0, 0,0, 0,0):right:::null::5:6:null:(-1,9, -0,7, 0,0)
98,9443:User 1:(2,0, 0,0, -1,2):(0,1, 0,0, -1,1):(0,3, 0,0, -1,1):(0,0, 0,0, 0,0):right:::null::5:6:null:(1,9, 0,5, 0,0)
98,9443:User 2:(2,0, 0,0, -1,2):(0,1, 0,0, 1,1):(0,3, 0,0, -1,1):(0,0, 0,0, 0,0):right:::null::5:6:null:(-1,9, -0,7, 0,0)
114,9367:User 1:(2,0, 0,0, -1,2):(0,1, 0,0, -1,1):(0,3, 0,0, -1,1):(0,0, 0,0, 0,0):right:::null::5:6:null:(1,9, 0,5, 0,0)
114,9367:User 2:(2,0, 0,0, -1,2):(0,1, 0,0, 1,1):(0,3, 0,0, -1,1):(0,0, 0,0, 0,0):right:::null::5:6:null:(-1,9, -0,7, 0,0)
131,94:User 1:(2,0, 0,0, -1,2):(0,1, 0,0, -1,1):(0,3, 0,0, -1,1):(0,0, 0,0, 0,0):right:::null::5:6:null:(1,9, 0,5, 0,0)
131,94:User 2:(2,0, 0,0, -1,2):(0,1, 0,0, 1,1):(0,3, 0,0, -1,1):(0,0, 0,0, 0,0):right:::null::5:6:null:(-1,9, -0,7, 0,0)
147,9178:User 1:(2,0, 0,0, -1,2):(0,1, 0,0, -1,1):(0,3, 0,0, -1,1):(0,0, 0,0, 0,0):right:::null::5:6:null:(1,9, 0,5, 0,0)
147,9178:User 2:(2,0, 0,0, -1,2):(0,1, 0,0, 1,1):(0,3, 0,0, -1,1):(0,0, 0,0, 0,0):right:::null::5:6:null:(-1,9, -0,7, 0,0)
164,9216:User 1:(2,0, 0,0, -1,2):(0,1, 0,0, -1,1):(0,3, 0,0, -1,1):(0,0, 0,0, 0,0):right:::null::5:6:null:(1,9, 0,5, 0,0)
164,9216:User 2:(2,0, 0,0, -1,2):(0,1, 0,0, 1,1):(0,3, 0,0, -1,1):(0,0, 0,0, 0,0):right:::null::5:6:null:(-1,9, -0,7, 0,0)
181,8938:User 1:(2,0, 0,0, -1,2):(0,1, 0,0, -1,1):(0,3, 0,0, -1,1):(0,0, 0,0, 0,0):right:::null::5:6:null:(1,9, 0,5, 0,0)
181,8938:User 2:(2,0, 0,0, -1,2):(0,1, 0,0, 1,1):(0,3, 0,0, -1,1):(0,0, 0,0, 0,0):right:::null::5:6:null:(-1,9, -0,7, 0,0)
197,9016:User 1:(2,0, 0,0, -1,2):(0,1, 0,0, -1,1):(0,3, 0,0, -1,1):(0,0, 0,0, 0,0):right:::null::5:6:null:(1,9, 0,5, 0,0)
197,9016:User 2:(2,0, 0,0, -1,2):(0,1, 0,0, 1,1):(0,3, 0,0, -1,1):(0,0, 0,0, 0,0):right:::null::5:6:null:(-1,9, -0,7, 0,0)
214,8801:User 1:(2,0, 0,0, -1,2):(0,1, 0,0, -1,1):(0,3, 0,0, -1,1):(0,0, 0,0, 0,0):right:::null::5:6:null:(1,9, 0,5, 0,0)
214,8801:User 2:(2,0, 0,0, -1,2):(0,1, 0,0, 1,1):(0,3, 0,0, -1,1):(0,0, 0,0, 0,0):right:::null::5:6:null:(-1,9, -0,7, 0,0)
230,8812:User 1:(2,0, 0,0, -1,2):(0,1, 0,0, -1,1):(0,3, 0,0, -1,1):(0,0, 0,0, 0,0):right:::null::5:6:null:(1,9, 0,5, 0,0)
230,8812:User 2:(2,0, 0,0, -1,2):(0,1, 0,0, 1,1):(0,3, 0,0, -1,1):(0,0, 0,0, 0,0):right:::null::5:6:null:(-1,9, -0,7, 0,0)
247,8735:User 1:(2,0, 0,0, -1,2):(0,1, 0,0, -1,1):(0,3, 0,0, -1,1):(0,0, 0,0, 0,0):right:::null::5:6:null:(1,9, 0,5, 0,0)
247,8735:User 2:(2,0, 0,0, -1,2):(0,1, 0,0, 1,1):(0,3, 0,0, -1,1):(0,0, 0,0, 0,0):right:::null::5:6:null:(-1,9, -0,7, 0,0)
263,8513:User 1:(2,0, 0,0, -1,2):(0,1, 0,0, -1,1):(0,3, 0,0, -1,1):(0,0, 0,0, 0,0):right:::null::5:6:null:(1,9, 0,5, 0,0)
263,8513:User 2:(2,0, 0,0, -1,2):(0,1, 0,0, 1,1):(0,3, 0,0, -1,1):(0,0, 0,0, 0,0):right:::null::5:6:null:(-1,9, -0,7, 0,0)
280,8416:User 1:(2,0, 0,0, -1,2):(0,1, 0,0, -1,1):(0,3, 0,0, -1,1):(0,0, 0,0, 0,0):right:::null::5:6:null:(1,9, 0,5, 0,0)
280,8416:User 2:(2,0, 0,0, -1,2):(0,1, 0,0, 1,1):(0,3, 0,0, -1,1):(0,0, 0,0, 0,0):right:::null::5:6:null:(-1,9, -0,7, 0,0)
297,8316:User 1:(2,0, 0,0, -1,2):(0,1, 0,0, -1,1):(0,3, 0,0, -1,1):(0,0, 0,0, 0,0):right:::null::5:6:null:(1,9, 0,5, 0,0)
297,8316:User 2:(2,0, 0,0, -1,2):(0,1, 0,0, 1,1):(0,3, 0,0, -1,1):(0,0, 0,0, 0,0):right:::null::5:6:null:(-1,9, -0,7, 0,0)
313,8224:User 1:(2,0, 0,0, -1,2):(0,1, 0,0, -1,1):(0,3, 0,0, -1,1):(0,0, 0,0, 0,0):right:::null::5:6:null:(1,9, 0,5, 0,0)
313,8224:User 2:(2,0, 0,0, -1,2):(0,1, 0,0, 1,1):(0,3, 0,0, -1,1):(0,0, 0,0, 0,0):right:::null::5:6:null:(-1,9, -0,7, 0,0)
330,8147:User 1:(2,0, 0,0, -1,2):(0,1, 0,0, -1,1):(0,3, 0,0, -1,1):(0,0, 0,0, 0,0):right:::null::5:6:null:(1,9, 0,5, 0,0)
330,8147:User 2:(2,0, 0,0, -1,2):(0,1, 0,0, 1,1):(0,3, 0,0, -1,1):(0,0, 0,0, 0,0):right:::null::5:6:null:(-1,9, -0,7, 0,0)
347,8035:User 1:(2,0, 0,0, -1,2):(0,1, 0,0, -1,1):(0,3, 0,0, -1,1):(0,0, 0,0, 0,0):right:::null::5:6:null:(1,9, 0,5, 0,0)
347,8035:User 2:(2,0, 0,0, -1,2):(0,1, 0,0, 1,1):(0,3, 0,0, -1,1):(0,0, 0,0, 0,0):right:::null::5:6:null:(-1,9, -0,7, 0,0)
362,8074:User 1:(2,0, 0,0, -1,2):(0,1, 0,0, -1,1):(0,3, 0,0, -1,1):(0,0, 0,0, 0,0):right:::null::5:6:null:(1,9, 0,5, 0,0)
362,8074:User 2:(2,0, 0,0, -1,2):(0,1, 0,0, 1,1):(0,3, 0,0, -1,1):(0,0, 0,0, 0,0):right:::null::5:6:null:(-1,9, -0,7, 0,0)
379,7836:User 1:(2,0, 0,0, -1,2):(0,1, 0,0, -1,1):(0,3, 0,0, -1,1):(0,0, 0,0, 0,0):right:::null::5:6:null:(1,9, 0,5, 0,0)
379,7836:User 2:(2,0, 0,0, -1,2):(0,1, 0,0, 1,1):(0,3, 0,0, -1,1):(0,0, 0,0, 0,0):right:::null::5:6:null:(-1,9, -0,7, 0,0)
396,7751:User 1:(2,0, 0,0, -1,2):(0,1, 0,0, -1,1):(0,3, 0,0, -1,1):(0,0, 0,0, 0,0):right:::null::5:6:null:(1,9, 0,5, 0,0)
396,7751:User 2:(2,0, 0,0, -1,2):(0,1, 0,0, 1,1):(0,3, 0,0, -1,1):(0,0, 0,0, 0,0):right:::null::5:6:null:(-1,9, -0,7, 0,0)
413,7611:User 1:(2,0, 0,0, -1,2):(0,1, 0,0, -1,1):(0,3, 0,0, -1,1):(0,0, 0,0, 0,0):right:::null::5:6:null:(1,9, 0,5, 0,0)
413,7611:User 2:(2,0, 0,0, -1,2):(0,1, 0,0, 1,1):(0,3, 0,0, -1,1):(0,0, 0,0, 0,0):right:::null::5:6:null:(-1,9, -0,7, 0,0)
429,7531:User 1:(2,0, 0,0, -1,2):(0,1, 0,0, -1,1):(0,3, 0,0, -1,1):(0,0, 0,0, 0,0):right:::null::5:6:null:(1,9, 0,5, 0,0)
429,7531:User 2:(2,0, 0,0, -1,2):(0,1, 0,0, 1,1):(0,3, 0,0, -1,1):(0,0, 0,0, 0,0):right:::null::5:6:null:(-1,9, -0,7, 0,0)
446,7435:User 1:(2,0, 0,0, -1,2):(0,1, 0,0, -1,1):(0,3, 0,0, -1,1):(0,0, 0,0, 0,0):right:::null::5:6:null:(1,9, 0,5, 0,0)
446,7435:User 2:(2,0, 0,0, -1,2):(0,1, 0,0, 1,1):(0,3, 0,0, -1,1):(0,0, 0,0, 0,0):right:::null::5:6:null:(-1,9, -0,7, 0,0)
462,7327:User 1:(2,0, 0,0, -1,2):(0,1, 0,0, -1,1):(0,3, 0,0, -1,1):(0,0, 0,0, 0,0):right:::null::5:6:null:(1,9, 0,5, 0,0)
462,7327:User 2:(2,0, 0,0, -1,2):(0,1, 0,0, 1,1):(0,3, 0,0, -1,1):(0,0, 0,0, 0,0):right:::null::5:6:null:(-1,9, -0,7, 0,0)
479,7242:User 1:(2,0, 0,0, -1,2):(0,1, 0,0, -1,1):(0,3, 0,0, -1,1):(0,0, 0,0, 0,0):right:::null::5:6:null:(1,9, 0,5, 0,0)
479,7242:User 2:(2,0, 0,0, -1,2):(0,1, 0,0, 1,1):(0,3, 0,0, -1,1):(0,0, 0,0, 0,0):right:::null::5:6:null:(-1,9, -0,7, 0,0)
496,7174:User 1:(2,0, 0,0, -1,2):(0,1, 0,0, -1,1):(0,3, 0,0, -1,1):(0,0, 0,0, 0,0):right:::null::5:6:null:(1,9, 0,5, 0,0)
496,7174:User 2:(2,0, 0,0, -1,2):(0,1, 0,0, 1,1):(0,3, 0,0, -1,1):(0,0, 0,0, 0,0):right:::null::5:6:null:(-1,9, -0,7, 0,0)
512,7086:User 1:(2,0, 0,0, -1,2):(0,1, 0,0, -1,1):(0,3, 0,0, -1,1):(0,0, 0,0, 0,0):right:::null::5:6:null:(1,9, 0,5, 0,0)
512,7086:User 2:(2,0, 0,0, -1,2):(0,1, 0,0, 1,1):(0,3, 0,0, -1,1):(0,0, 0,0, 0,0):right:::null::5:6:null:(-1,9, -0,7, 0,0)
529,6954:User 1:(2,0, 0,0, -1,2):(0,1, 0,0, -1,1):(0,3, 0,0, -1,1):(0,0, 0,0, 0,0):right:::null::5:6:null:(1,9, 0,5, 0,0)
529,6954:User 2:(2,0, 0,0, -1,2):(0,1, 0,0, 1,1):(0,3, 0,0, -1,1):(0,0, 0,0, 0,0):right:::null::5:6:null:(-1,9, -0,7, 0,0)
545,687:User 1:(2,0, 0,0, -1,2):(0,1, 0,0, -1,1):(0,3, 0,0, -1,1):(0,0, 0,0, 0,0):right:::null::5:6:null:(1,9, 0,5, 0,0)
545,687:User 2:(2,0, 0,0, -1,2):(0,1, 0,0, 1,1):(0,3, 0,0, -1,1):(0,0, 0,0, 0,0):right:::null::5:6:null:(-1,9, -0,7, 0,0)
562,6801:User 1:(2,0, 0,0, -1,2):(0,1, 0,0, -1,1):(0,3, 0,0, -1,1):(0,0, 0,0, 0,0):right:::null::5:6:null:(1,9, 0,5, 0,0)
562,6801:User 2:(2,0, 0,0, -1,2):(0,1, 0,0, 1,1):(0,3, 0,0, -1,1):(0,0, 0,0, 0,0):right:::null::5:6:null:(-1,9, -0,7, 0,0)
578,6685:User 1:(2,0, 0,0, -1,2):(0,1, 0,0, -1,1):(0,3, 0,0, -1,1):(0,0, 0,0, 0,0):right:::null::5:6:null:(1,9, 0,5, 0,0)
578,6685:User 2:(2,0, 0,0, -1,2):(0,1, 0,0, 1,1):(0,3, 0,0, -1,1):(0,0, 0,0, 0,0):right:::null::5:6:null:(-1,9, -0,7, 0,0)
595,662:User 1:(2,0, 0,0, -1,2):(0,1, 0,0, -1,1):(0,3, 0,0, -1,1):(0,0, 0,0, 0,0):right:::null::5:6:null:(1,9, 0,5, 0,0)
595,662:User 2:(2,0, 0,0, -1,2):(0,1, 0,0, 1,1):(0,3, 0,0, -1,1):(0,0, 0,0, 0,0):right:::null::5:6:null:(-1,9, -0,7, 0,0)
612,6488:User 1:(2,0, 0,0, -1,2):(0,1, 0,0, -1,1):(0,3, 0,0, -1,1):(0,0, 0,0, 0,0):right:::null::5:6:null:(1,9, 0,5, 0,0)
612,6488:User 2:(2,0, 0,0, -1,2):(0,1, 0,0, 1,1):(0,3, 0,0, -1,1):(0,0, 0,0, 0,0):right:::null::5:6:null:(-1,9, -0,7, 0,0)
628,6547:User 1:(2,0, 0,0, -1,2):(0,1, 0,0, -1,1):(0,3, 0,0, -1,1):(0,0, 0,0, 0,0):right:::null::5:6:null:(1,9, 0,5, 0,0)
628,6547:User 2:(2,0, 0,0, -1,2):(0,1, 0,0, 1,1):(0,3, 0,0, -1,1):(0,0, 0,0, 0,0):right:::null::5:6:null:(-1,9, -0,7, 0,0)
645,6324:User 1:(2,0, 0,0, -1,2):(0,1, 0,0, -1,1):(0,3, 0,0, -1,1):(0,0, 0,0, 0,0):right:::null::5:6:null:(1,9, 0,5, 0,0)
645,6324:User 2:(2,0, 0,0, -1,2):(0,1, 0,0, 1,1):(0,3, 0,0, -1,1):(0,0, 0,0, 0,0):right:::null::5:6:null:(-1,9, -0,7, 0,0)
661,6362:User 1:(2,0, 0,0, -1,2):(0,1, 0,0, -1,1):(0,3, 0,0, -1,1):(0,0, 0,0, 0,0):right:::null::5:6:null:(1,9, 0,5, 0,0)
661,6362:User 2:(2,0, 0,0, -1,2):(0,1, 0,0, 1,1):(0,3, 0,0, -1,1):(0,0, 0,0, 0,0):right:::null::5:6:null:(-1,9, -0,7, 0,0)
678,6088:User 1:(2,0, 0,0, -1,2):(0,1, 0,0, -1,1):(0,3, 0,0, -1,1):(0,0, 0,0, 0,0):right:::null::5:6:null:(1,9, 0,5, 0,0)
678,6088:User 2:(2,0, 0,0, -1,2):(0,1, 0,0, 1,1):(0,3, 0,0, -1,1):(0,0, 0,0, 0,0):right:::null::5:6:null:(-1,9, -0,7, 0,0)
694,604:User 1:(2,0, 0,0, -1,2):(0,1, 0,0, -1,1):(0,3, 0,0, -1,1):(0,0, 0,0, 0,0):right:::null::5:6:null:(1,9, 0,5, 0,0)
694,604:User 2:(2,0, 0,0, -1,2):(0,1, 0,0, 1,1):(0,3, 0,0, -1,1):(0,0, 0,0, 0,0):right:::null::5:6:null:(-1,9, -0,7, 0,0)
711,6014:User 1:(2,0, 0,0, -1,2):(0,1, 0,0, -1,1):(0,3, 0,0, -1,1):(0,0, 0,0, 0,0):right:::null::5:6:null:(1,9, 0,5, 0,0)
711,6014:User 2:(2,0, 0,0, -1,2):(0,1, 0,0, 1,1):(0,3, 0,0, -1,1):(0,0, 0,0, 0,0):right:::null::5:6:null:(-1,9, -0,7, 0,0)
728,5823:User 1:(2,0, 0,0, -1,2):(0,1, 0,0, -1,1):(0,3, 0,0, -1,1):(0,0, 0,0, 0,0):right:::null::5:6:null:(1,9, 0,5, 0,0)
728,5823:User 2:(2,0, 0,0, -1,2):(0,1, 0,0, 1,1):(0,3, 0,0, -1,1):(0,0, 0,0, 0,0):right:::null::5:6:null:(-1,9, -0,7, 0,0)
744,5751:User 1:(2,0, 0,0, -1,2):(0,1, 0,0, -1,1):(0,3, 0,0, -1,1):(0,0, 0,0, 0,0):right:::null::5:6:null:(1,9, 0,5, 0,0)
744,5751:User 2:(2,0, 0,0, -1,2):(0,1, 0,0, 1,1):(0,3, 0,0, -1,1):(0,0, 0,0, 0,0):right:::null::5:6:null:(-1,9, -0,7, 0,0)
761,5631:User 1:(2,0, 0,0, -1,2):(0,1, 0,0, -1,1):(0,3, 0,0, -1,1):(0,0, 0,0, 0,0):right:::null::5:6:null:(1,9, 0,5, 0,0)
761,5631:User 2:(2,0, 0,0, -1,2):(0,1, 0,0, 1,1):(0,3, 0,0, -1,1):(0,0, 0,0, 0,0):right:::null::5:6:null:(-1,9, -0,7, 0,0)
777,5689:User 1:(2,0, 0,0, -1,2):(0,1, 0,0, -1,1):(0,3, 0,0, -1,1):(0,0, 0,0, 0,0):right:::null::5:6:null:(1,9, 0,5, 0,0)
777,5689:User 2:(2,0, 0,0, -1,2):(0,1, 0,0, 1,1):(0,3, 0,0, -1,1):(0,0, 0,0, 0,0):right:::null::5:6:null:(-1,9, -0,7, 0,0)
794,5458:User 1:(2,0, 0,0, -1,2):(0,1, 0,0, -1,1):(0,3, 0,0, -1,1):(0,0, 0,0, 0,0):right:::null::5:6:null:(1,9, 0,5, 0,0)
794,5458:User 2:(2,0, 0,0, -1,2):(0,1, 0,0, 1,1):(0,3, 0,0, -1,1):(0,0, 0,0, 0,0):right:::null::5:6:null:(-1,9, -0,7, 0,0)
811,537:User 1:(2,0, 0,0, -1,2):(0,1, 0,0, -1,1):(0,3, 0,0, -1,1):(0,0, 0,0, 0,0):right:::null::5:6:null:(1,9, 0,5, 0,0)
811,537:User 2:(2,0, 0,0, -1,2):(0,1, 0,0, 1,1):(0,3, 0,0, -1,1):(0,0, 0,0, 0,0):right:::null::5:6:null:(-1,9, -0,7, 0,0)
827,5278:User 1:(2,0, 0,0, -1,2):(0,1, 0,0, -1,1):(0,3, 0,0, -1,1):(0,0, 0,0, 0,0):right:::null::5:6:null:(1,9, 0,5, 0,0)
827,5278:User 2:(2,0, 0,0, -1,2):(0,1, 0,0, 1,1):(0,3, 0,0, -1,1):(0,0, 0,0, 0,0):right:::null::5:6:null:(-1,9, -0,7, 0,0)
844,5312:User 1:(2,0, 0,0, -1,2):(0,1, 0,0, -1,1):(0,3, 0,0, -1,1):(0,0, 0,0, 0,0):right:::null::5:6:null:(1,9, 0,5, 0,0)
844,5312:User 2:(2,0, 0,0, -1,2):(0,1, 0,0, 1,1):(0,3, 0,0, -1,1):(0,0, 0,0, 0,0):right:::null::5:6:null:(-1,9, -0,7, 0,0)
860,5161:User 1:(2,0, 0,0, -1,2):(0,1, 0,0, -1,1):(0,3, 0,0, -1,1):(0,0, 0,0, 0,0):right:::null::5:6:null:(1,9, 0,5, 0,0)
860,5161:User 2:(2,0, 0,0, -1,2):(0,1, 0,0, 1,1):(0,3, 0,0, -1,1):(0,0, 0,0, 0,0):right:::null::5:6:null:(-1,9, -0,7, 0,0)
877,4958:User 1:(2,0, 0,0, -1,2):(0,1, 0,0, -1,1):(0,3, 0,0, -1,1):(0,0, 0,0, 0,0):right:::null::5:6:null:(1,9, 0,5, 0,0)
877,4958:User 2:(2,0, 0,0, -1,2):(0,1, 0,0, 1,1):(0,3, 0,0, -1,1):(0,0, 0,0, 0,0):right:::null::5:6:null:(-1,9, -0,7, 0,0)
893,4897:User 1:(2,0, 0,0, -1,2):(0,1, 0,0, -1,1):(0,3, 0,0, -1,1):(0,0, 0,0, 0,0):right:::null::5:6:null:(1,9, 0,5, 0,0)
893,4897:User 2:(2,0, 0,0, -1,2):(0,1, 0,0, 1,1):(0,3, 0,0, -1,1):(0,0, 0,0, 0,0):right:::null::5:6:null:(-1,9, -0,7, 0,0)
910,4769:User 1:(2,0, 0,0, -1,2):(0,1, 0,0, -1,1):(0,3, 0,0, -1,1):(0,0, 0,0, 0,0):right:::null::5:6:null:(1,9, 0,5, 0,0)
910,4769:User 2:(2,0, 0,0, -1,2):(0,1, 0,0, 1,1):(0,3, 0,0, -1,1):(0,0, 0,0, 0,0):right:::null::5:6:null:(-1,9, -0,7, 0,0)
926,4709:User 1:(2,0, 0,0, -1,2):(0,1, 0,0, -1,1):(0,3, 0,0, -1,1):(0,0, 0,0, 0,0):right:::null::5:6:null:(1,9, 0,5, 0,0)
926,4709:User 2:(2,0, 0,0, -1,2):(0,1, 0,0, 1,1):(0,3, 0,0, -1,1):(0,0, 0,0, 0,0):right:::null::5:6:null:(-1,9, -0,7, 0,0)
943,4609:User 1:(2,0, 0,0, -1,2):(0,1, 0,0, -1,1):(0,3, 0,0, -1,1):(0,0, 0,0, 0,0):right:::null::5:6:null:(1,9, 0,5, 0,0)
943,4609:User 2:(2,0, 0,0, -1,2):(0,1, 0,0, 1,1):(0,3, 0,0, -1,1):(0,0, 0,0, 0,0):right:::null::5:6:null:(-1,9, -0,7, 0,0)
960,45:User 1:(2,0, 0,0, -1,2):(0,1, 0,0, -1,1):(0,3, 0,0, -1,1):(0,0, 0,0, 0,0):right:::null::5:6:null:(1,9, 0,5, 0,0)
960,45:User 2:(2,0, 0,0, -1,2):(0,1, 0,0, 1,1):(0,3, 0,0, -1,1):(0,0, 0,0, 0,0):right:::null::5:6:null:(-1,9, -0,7, 0,0)
976,4558:User 1:(2,0, 0,0, -1,2):(0,1, 0,0, -1,1):(0,3, 0,0, -1,1):(0,0, 0,0, 0,0):right:::null::5:6:null:(1,9, 0,5, 0,0)
976,4558:User 2:(2,0, 0,0, -1,2):(0,1, 0,0, 1,1):(0,3, 0,0, -1,1):(0,0, 0,0, 0,0):right:::null::5:6:null:(-1,9, -0,7, 0,0)
993,43:User 1:(2,0, 0,0, -1,2):(0,1, 0,0, -1,1):(0,3, 0,0, -1,1):(0,0, 0,0, 0,0):right:::null::5:6:null:(1,9, 0,5, 0,0)
993,43:User 2:(2,0, 0,0, -1,2):(0,1, 0,0, 1,1):(0,3, 0,0, -1,1):(0,0, 0,0, 0,0):right:::null::5:6:null:(-1,9, -0,7, 0,0)
1009,4208:User 1:(2,0, 0,0, -1,2):(0,1, 0,0, -1,1):(0,3, 0,0, -1,1):(0,0, 0,0, 0,0):right:::null::5:6:null:(1,9, 0,5, 0,0)
1009,4208:User 2:(2,0, 0,0, -1,2):(0,1, 0,0, 1,1):(0,3, 0,0, -1,1):(0,0, 0,0, 0,0):right:::null::5:6:null:(-1,9, -0,7, 0,0)
1026,41:User 1:(2,0, 0,0, -1,2):(0,1, 0,0, -1,1):(0,3, 0,0, -1,1):(0,0, 0,0, 0,0):right:::null::5:6:null:(1,9, 0,5, 0,0)
1026,41:User 2:(2,0, 0,0, -1,2):(0,1, 0,0, 1,1):(0,3, 0,0, -1,1):(0,0, 0,0, 0,0):right:::null::5:6:null:(-1,9, -0,7, 0,0)
1043,4039:User 1:(2,0, 0,0, -1,2):(0,1, 0,0, -1,1):(0,3, 0,0, -1,1):(0,0, 0,0, 0,0):right:::null::5:6:null:(1,9, 0,5, 0,0)
1043,4039:User 2:(2,0, 0,0, -1,2):(0,1, 0,0, 1,1):(0,3, 0,0, -1,1):(0,0, 0,0, 0,0):right:::null::5:6:null:(-1,9, -0,7, 0,0)
1059,3947:User 1:(2,0, 0,0, -1,2):(0,1, 0,0, -1,1):(0,3, 0,0, -1,1):(0,0, 0,0, 0,0):right:::null::5:6:null:(1,9, 0,5, 0,0)
1059,3947:User 2:(2,0, 0,0, -1,2):(0,1, 0,0, 1,1):(0,3, 0,0, -1,1):(0,0, 0,0, 0,0):right:::null::5:6:null:(-1,9, -0,7, 0,0)
1076,3847:User 1:(2,0, 0,0, -1,2):(0,1, 0,0, -1,1):(0,3, 0,0, -1,1):(0,0, 0,0, 0,0):right:::null::5:6:null:(1,9, 0,5, 0,0)
1076,3847:User 2:(2,0, 0,0, -1,2):(0,1, 0,0, 1,1):(0,3, 0,0, -1,1):(0,0, 0,0, 0,0):right:::null::5:6:null:(-1,9, -0,7, 0,0)
1093,3715:User 1:(2,0, 0,0, -1,2):(0,1, 0,0, -1,1):(0,3, 0,0, -1,1):(0,0, 0,0, 0,0):right:::null::5:6:null:(1,9, 0,5, 0,0)
1093,3715:User 2:(2,0, 0,0, -1,2):(0,1, 0,0, 1,1):(0,3, 0,0, -1,1):(0,0, 0,0, 0,0):right:::null::5:6:null:(-1,9, -0,7, 0,0)
1109,3639:User 1:(2,0, 0,0, -1,2):(0,1, 0,0, -1,1):(0,3, 0,0, -1,1):(0,0, 0,0, 0,0):right:::null::5:6:null:(1,9, 0,5, 0,0)
1109,3639:User 2:(2,0, 0,0, -1,2):(0,1, 0,0, 1,1):(0,3, 0,0, -1,1):(0,0, 0,0, 0,0):right:::null::5:6:null:(-1,9, -0,7, 0,0)
1125,3567:User 1:(2,0, 0,0, -1,2):(0,1, 0,0, -1,1):(0,3, 0,0, -1,1):(0,0, 0,0, 0,0):right:::null::5:6:null:(1,9, 0,5, 0,0)
1125,3567:User 2:(2,0, 0,0, -1,2):(0,1, 0,0, 1,1):(0,3, 0,0, -1,1):(0,0, 0,0, 0,0):right:::null::5:6:null:(-1,9, -0,7, 0,0)
1142,347:User 1:(2,0, 0,0, -1,2):(0,1, 0,0, -1,1):(0,3, 0,0, -1,1):(0,0, 0,0, 0,0):right:::null::5:6:null:(1,9, 0,5, 0,0)
1142,347:User 2:(2,0, 0,0, -1,2):(0,1, 0,0, 1,1):(0,3, 0,0, -1,1):(0,0, 0,0, 0,0):right:::null::5:6:null:(-1,9, -0,7, 0,0)
1159,3334:User 1:(2,0, 0,0, -1,2):(0,1, 0,0, -1,1):(0,3, 0,0, -1,1):(0,0, 0,0, 0,0):right:::null::5:6:null:(1,9, 0,5, 0,0)
1159,3334:User 2:(2,0, 0,0, -1,2):(0,1, 0,0, 1,1):(0,3, 0,0, -1,1):(0,0, 0,0, 0,0):right:::null::5:6:null:(-1,9, -0,7, 0,0)
1175,3412:User 1:(2,0, 0,0, -1,2):(0,1, 0,0, -1,1):(0,3, 0,0, -1,1):(0,0, 0,0, 0,0):right:::null::5:6:null:(1,9, 0,5, 0,0)
1175,3412:User 2:(2,0, 0,0, -1,2):(0,1, 0,0, 1,1):(0,3, 0,0, -1,1):(0,0, 0,0, 0,0):right:::null::5:6:null:(-1,9, -0,7, 0,0)
1192,3185:User 1:(2,0, 0,0, -1,2):(0,1, 0,0, -1,1):(0,3, 0,0, -1,1):(0,0, 0,0, 0,0):right:::null::5:6:null:(1,9, 0,5, 0,0)
1192,3185:User 2:(2,0, 0,0, -1,2):(0,1, 0,0, 1,1):(0,3, 0,0, -1,1):(0,0, 0,0, 0,0):right:::null::5:6:null:(-1,9, -0,7, 0,0)
1208,3086:User 1:(2,0, 0,0, -1,2):(0,1, 0,0, -1,1):(0,3, 0,0, -1,1):(0,0, 0,0, 0,0):right:::null::5:6:null:(1,9, 0,5, 0,0)
1208,3086:User 2:(2,0, 0,0, -1,2):(0,1, 0,0, 1,1):(0,3, 0,0, -1,1):(0,0, 0,0, 0,0):right:::null::5:6:null:(-1,9, -0,7, 0,0)
1225,3123:User 1:(2,0, 0,0, -1,2):(0,1, 0,0, -1,1):(0,3, 0,0, -1,1):(0,0, 0,0, 0,0):right:::null::5:6:null:(1,9, 0,5, 0,0)
1225,3123:User 2:(2,0, 0,0, -1,2):(0,1, 0,0, 1,1):(0,3, 0,0, -1,1):(0,0, 0,0, 0,0):right:::null::5:6:null:(-1,9, -0,7, 0,0)
1241,3032:User 1:(2,0, 0,0, -1,2):(0,1, 0,0, -1,1):(0,3, 0,0, -1,1):(0,0, 0,0, 0,0):right:::null::5:6:null:(1,9, 0,5, 0,0)
1241,3032:User 2:(2,0, 0,0, -1,2):(0,1, 0,0, 1,1):(0,3, 0,0, -1,1):(0,0, 0,0, 0,0):right:::null::5:6:null:(-1,9, -0,7, 0,0)
1258,2777:User 1:(2,0, 0,0, -1,2):(0,1, 0,0, -1,1):(0,3, 0,0, -1,1):(0,0, 0,0, 0,0):right:::null::5:6:null:(1,9, 0,5, 0,0)
1258,2777:User 2:(2,0, 0,0, -1,2):(0,1, 0,0, 1,1):(0,3, 0,0, -1,1):(0,0, 0,0, 0,0):right:::null::5:6:null:(-1,9, -0,7, 0,0)
1275,2673:User 1:(2,0, 0,0, -1,2):(0,1, 0,0, -1,1):(0,3, 0,0, -1,1):(0,0, 0,0, 0,0):right:::null::5:6:null:(1,9, 0,5, 0,0)
1275,2673:User 2:(2,0, 0,0, -1,2):(0,1, 0,0, 1,1):(0,3, 0,0, -1,1):(0,0, 0,0, 0,0):right:::null::5:6:null:(-1,9, -0,7, 0,0)
1291,2735:User 1:(2,0, 0,0, -1,2):(0,1, 0,0, -1,1):(0,3, 0,0, -1,1):(0,0, 0,0, 0,0):right:::null::5:6:null:(1,9, 0,5, 0,0)
1291,2735:User 2:(2,0, 0,0, -1,2):(0,1, 0,0, 1,1):(0,3, 0,0, -1,1):(0,0, 0,0, 0,0):right:::null::5:6:null:(-1,9, -0,7, 0,0)
1308,252:User 1:(2,0, 0,0, -1,2):(0,1, 0,0, -1,1):(0,3, 0,0, -1,1):(0,0, 0,0, 0,0):right:::null::5:6:null:(1,9, 0,5, 0,0)
1308,252:User 2:(2,0, 0,0, -1,2):(0,1, 0,0, 1,1):(0,3, 0,0, -1,1):(0,0, 0,0, 0,0):right:::null::5:6:null:(-1,9, -0,7, 0,0)
1324,2424:User 1:(2,0, 0,0, -1,2):(0,1, 0,0, -1,1):(0,3, 0,0, -1,1):(0,0, 0,0, 0,0):right:::null::5:6:null:(1,9, 0,5, 0,0)
1324,2424:User 2:(2,0, 0,0, -1,2):(0,1, 0,0, 1,1):(0,3, 0,0, -1,1):(0,0, 0,0, 0,0):right:::null::5:6:null:(-1,9, -0,7, 0,0)
1341,2332:User 1:(2,0, 0,0, -1,2):(0,1, 0,0, -1,1):(0,3, 0,0, -1,1):(0,0, 0,0, 0,0):right:::null::5:6:null:(1,9, 0,5, 0,0)
1341,2332:User 2:(2,0, 0,0, -1,2):(0,1, 0,0, 1,1):(0,3, 0,0, -1,1):(0,0, 0,0, 0,0):right:::null::5:6:null:(-1,9, -0,7, 0,0)
1358,2215:User 1:(2,0, 0,0, -1,2):(0,1, 0,0, -1,1):(0,3, 0,0, -1,1):(0,0, 0,0, 0,0):right:::null::5:6:null:(1,9, 0,5, 0,0)
1358,2215:User 2:(2,0, 0,0, -1,2):(0,1, 0,0, 1,1):(0,3, 0,0, -1,1):(0,0, 0,0, 0,0):right:::null::5:6:null:(-1,9, -0,7, 0,0)
1374,2139:User 1:(2,0, 0,0, -1,2):(0,1, 0,0, -1,1):(0,3, 0,0, -1,1):(0,0, 0,0, 0,0):right:::null::5:6:null:(1,9, 0,5, 0,0)
1374,2139:User 2:(2,0, 0,0, -1,2):(0,1, 0,0, 1,1):(0,3, 0,0, -1,1):(0,0, 0,0, 0,0):right:::null::5:6:null:(-1,9, -0,7, 0,0)
1391,2015:User 1:(2,0, 0,0, -1,2):(0,1, 0,0, -1,1):(0,3, 0,0, -1,1):(0,0, 0,0, 0,0):right:::null::5:6:null:(1,9, 0,5, 0,0)
1391,2015:User 2:(2,0, 0,0, -1,2):(0,1, 0,0, 1,1):(0,3, 0,0, -1,1):(0,0, 0,0, 0,0):right:::null::5:6:null:(-1,9, -0,7, 0,0)
1407,2077:User 1:(2,0, 0,0, -1,2):(0,1, 0,0, -1,1):(0,3, 0,0, -1,1):(0,0, 0,0, 0,0):right:::null::5:6:null:(1,9, 0,5, 0,0)
1407,2077:User 2:(2,0, 0,0, -1,2):(0,1, 0,0, 1,1):(0,3, 0,0, -1,1):(0,0, 0,0, 0,0):right:::null::5:6:null:(-1,9, -0,7, 0,0)
1424,1851:User 1:(2,0, 0,0, -1,2):(0,1, 0,0, -1,1):(0,3, 0,0, -1,1):(0,0, 0,0, 0,0):right:::null::5:6:null:(1,9, 0,5, 0,0)
1424,1851:User 2:(2,0, 0,0, -1,2):(0,1, 0,0, 1,1):(0,3, 0,0, -1,1):(0,0, 0,0, 0,0):right:::null::5:6:null:(-1,9, -0,7, 0,0)
1440,1735:User 1:(2,0, 0,0, -1,2):(0,1, 0,0, -1,1):(0,3, 0,0, -1,1):(0,0, 0,0, 0,0):right:::null::5:6:null:(1,9, 0,5, 0,0)
1440,1735:User 2:(2,0, 0,0, -1,2):(0,1, 0,0, 1,1):(0,3, 0,0, -1,1):(0,0, 0,0, 0,0):right:::null::5:6:null:(-1,9, -0,7, 0,0)
1457,1619:User 1:(2,0, 0,0, -1,2):(0,1, 0,0, -1,1):(0,3, 0,0, -1,1):(0,0, 0,0, 0,0):right:::null::5:6:null:(1,9, 0,5, 0,0)
1457,1619:User 2:(2,0, 0,0, -1,2):(0,1, 0,0, 1,1):(0,3, 0,0, -1,1):(0,0, 0,0, 0,0):right:::null::5:6:null:(-1,9, -0,7, 0,0)
1474,153:User 1:(2,0, 0,0, -1,2):(0,1, 0,0, -1,1):(0,3, 0,0, -1,1):(0,0, 0,0, 0,0):right:::null::5:6:null:(1,9, 0,5, 0,0)
1474,153:User 2:(2,0, 0,0, -1,2):(0,1, 0,0, 1,1):(0,3, 0,0, -1,1):(0,0, 0,0, 0,0):right:::null::5:6:null:(-1,9, -0,7, 0,0)
1490,1439:User 1:(2,0, 0,0, -1,2):(0,1, 0,0, -1,1):(0,3, 0,0, -1,1):(0,0, 0,0, 0,0):right:::null::5:6:null:(1,9, 0,5, 0,0)
1490,1439:User 2:(2,0, 0,0, -1,2):(0,1, 0,0, 1,1):(0,3, 0,0, -1,1):(0,0, 0,0, 0,0):right:::null::5:6:null:(-1,9, -0,7, 0,0)
1506,1339:User 1:(2,0, 0,0, -1,2):(0,1, 0,0, -1,1):(0,3, 0,0, -1,1):(0,0, 0,0, 0,0):right:::null::5:6:null:(1,9, 0,5, 0,0)
1506,1339:User 2:(2,0, 0,0, -1,2):(0,1, 0,0, 1,1):(0,3, 0,0, -1,1):(0,0, 0,0, 0,0):right:::null::5:6:null:(-1,9, -0,7, 0,0)
1523,1238:User 1:(2,0, 0,0, -1,2):(0,1, 0,0, -1,1):(0,3, 0,0, -1,1):(0,0, 0,0, 0,0):right:::null::5:6:null:(1,9, 0,5, 0,0)
1523,1238:User 2:(2,0, 0,0, -1,2):(0,1, 0,0, 1,1):(0,3, 0,0, -1,1):(0,0, 0,0, 0,0):right:::null::5:6:null:(-1,9, -0,7, 0,0)
1540,1154:User 1:(2,0, 0,0, -1,2):(0,1, 0,0, -1,1):(0,3, 0,0, -1,1):(0,0, 0,0, 0,0):right:::null::5:6:null:(1,9, 0,5, 0,0)
1540,1154:User 2:(2,0, 0,0, -1,2):(0,1, 0,0, 1,1):(0,3, 0,0, -1,1):(0,0, 0,0, 0,0):right:::null::5:6:null:(-1,9, -0,7, 0,0)
1556,1097:User 1:(2,0, 0,0, -1,2):(0,1, 0,0, -1,1):(0,3, 0,0, -1,1):(0,0, 0,0, 0,0):right:::null::5:6:null:(1,9, 0,5, 0,0)
1556,1097:User 2:(2,0, 0,0, -1,2):(0,1, 0,0, 1,1):(0,3, 0,0, -1,1):(0,0, 0,0, 0,0):right:::null::5:6:null:(-1,9, -0,7, 0,0)
1573,0973:User 1:(2,0, 0,0, -1,2):(0,1, 0,0, -1,1):(0,3, 0,0, -1,1):(0,0, 0,0, 0,0):right:::null::5:6:null:(1,9, 0,5, 0,0)
1573,0973:User 2:(2,0, 0,0, -1,2):(0,1, 0,0, 1,1):(0,3, 0,0, -1,1):(0,0, 0,0, 0,0):right:::null::5:6:null:(-1,9, -0,7, 0,0)
1590,0889:User 1:(2,0, 0,0, -1,2):(0,1, 0,0, -1,1):(0,3, 0,0, -1,1):(0,0, 0,0, 0,0):right:::null::5:6:null:(1,9, 0,5, 0,0)
1590,0889:User 2:(2,0, 0,0, -1,2):(0,1, 0,0, 1,1):(0,3, 0,0, -1,1):(0,0, 0,0, 0,0):right:::null::5:6:null:(-1,9, -0,7, 0,0)
1606,0943:User 1:(2,0, 0,0, -1,2):(0,1, 0,0, -1,1):(0,3, 0,0, -1,1):(0,0, 0,0, 0,0):right:::null::5:6:null:(1,9, 0,5, 0,0)
1606,0943:User 2:(2,0, 0,0, -1,2):(0,1, 0,0, 1,1):(0,3, 0,0, -1,1):(0,0, 0,0, 0,0):right:::null::5:6:null:(-1,9, -0,7, 0,0)
1623,0712:User 1:(2,0, 0,0, -1,2):(0,1, 0,0, -1,1):(0,3, 0,0, -1,1):(0,0, 0,0, 0,0):right:::null::5:6:null:(1,9, 0,5, 0,0)
1623,0712:User 2:(2,0, 0,0, -1,2):(0,1, 0,0, 1,1):(0,3, 0,0, -1,1):(0,0, 0,0, 0,0):right:::null::5:6:null:(-1,9, -0,7, 0,0)
1639,0593:User 1:(2,0, 0,0, -1,2):(0,1, 0,0, -1,1):(0,3, 0,0, -1,1):(0,0, 0,0, 0,0):right:::null::5:6:null:(1,9, 0,5, 0,0)
1639,0593:User 2:(2,0, 0,0, -1,2):(0,1, 0,0, 1,1):(0,3, 0,0, -1,1):(0,0, 0,0, 0,0):right:::null::5:6:null:(-1,9, -0,7, 0,0)
1656,0646:User 1:(2,0, 0,0, -1,2):(0,1, 0,0, -1,1):(0,3, 0,0, -1,1):(0,0, 0,0, 0,0):right:::null::5:6:null:(1,9, 0,5, 0,0)
1656,0646:User 2:(2,0, 0,0, -1,2):(0,1, 0,0, 1,1):(0,3, 0,0, -1,1):(0,0, 0,0, 0,0):right:::null::5:6:null:(-1,9, -0,7, 0,0)
1673,0384:User 1:(2,0, 0,0, -1,2):(0,1, 0,0, -1,1):(0,3, 0,0, -1,1):(0,0, 0,0, 0,0):right:::null::5:6:null:(1,9, 0,5, 0,0)
1673,0384:User 2:(2,0, 0,0, -1,2):(0,1, 0,0, 1,1):(0,3, 0,0, -1,1):(0,0, 0,0, 0,0):right:::null::5:6:null:(-1,9, -0,7, 0,0)
1689,0367:User 1:(2,0, 0,0, -1,2):(0,1, 0,0, -1,1):(0,3, 0,0, -1,1):(0,0, 0,0, 0,0):right:::null::5:6:null:(1,9, 0,5, 0,0)
1689,0367:User 2:(2,0, 0,0, -1,2):(0,1, 0,0, 1,1):(0,3, 0,0, -1,1):(0,0, 0,0, 0,0):right:::null::5:6:null:(-1,9, -0,7, 0,0)
1705,0236:User 1:(2,0, 0,0, -1,2):(0,1, 0,0, -1,1):(0,3, 0,0, -1,1):(0,0, 0,0, 0,0):right:::null::5:6:null:(1,9, 0,5, 0,0)
1705,0236:User 2:(2,0, 0,0, -1,2):(0,1, 0,0, 1,1):(0,3, 0,0, -1,1):(0,0, 0,0, 0,0):right:::null::5:6:null:(-1,9, -0,7, 0,0)
1722,0274:User 1:(2,0, 0,0, -1,2):(0,1, 0,0, -1,1):(0,3, 0,0, -1,1):(0,0, 0,0, 0,0):right:::null::5:6:null:(1,9, 0,5, 0,0)
1722,0274:User 2:(2,0, 0,0, -1,2):(0,1, 0,0, 1,1):(0,3, 0,0, -1,1):(0,0, 0,0, 0,0):right:::null::5:6:null:(-1,9, -0,7, 0,0)
1739,0007:User 1:(2,0, 0,0, -1,2):(0,1, 0,0, -1,1):(0,3, 0,0, -1,1):(0,0, 0,0, 0,0):right:::null::5:6:null:(1,9, 0,5, 0,0)
1739,0007:User 2:(2,0, 0,0, -1,2):(0,1, 0,0, 1,1):(0,3, 0,0, -1,1):(0,0, 0,0, 0,0):right:::null::5:6:null:(-1,9, -0,7, 0,0)
1754,9959:User 1:(2,0, 0,0, -1,2):(0,1, 0,0, -1,1):(0,3, 0,0, -1,1):(0,0, 0,0, 0,0):right:::null::5:6:null:(1,9, 0,5, 0,0)
1754,9959:User 2:(2,0, 0,0, -1,2):(0,1, 0,0, 1,1):(0,3, 0,0, -1,1):(0,0, 0,0, 0,0):right:::null::5:6:null:(-1,9, -0,7, 0,0)
1771,9823:User 1:(2,0, 0,0, -1,2):(0,1, 0,0, -1,1):(0,3, 0,0, -1,1):(0,0, 0,0, 0,0):right:::null::5:6:null:(1,9, 0,5, 0,0)
1771,9823:User 2:(2,0, 0,0, -1,2):(0,1, 0,0, 1,1):(0,3, 0,0, -1,1):(0,0, 0,0, 0,0):right:::null::5:6:null:(-1,9, -0,7, 0,0)
1788,973:User 1:(2,0, 0,0, -1,2):(0,1, 0,0, -1,1):(0,3, 0,0, -1,1):(0,0, 0,0, 0,0):right:::null::5:6:null:(1,9, 0,5, 0,0)
1788,973:User 2:(2,0, 0,0, -1,2):(0,1, 0,0, 1,1):(0,3, 0,0, -1,1):(0,0, 0,0, 0,0):right:::null::5:6:null:(-1,9, -0,7, 0,0)
1804,967:User 1:(2,0, 0,0, -1,2):(0,1, 0,0, -1,1):(0,3, 0,0, -1,1):(0,0, 0,0, 0,0):right:::null::5:6:null:(1,9, 0,5, 0,0)
1804,967:User 2:(2,0, 0,0, -1,2):(0,1, 0,0, 1,1):(0,3, 0,0, -1,1):(0,0, 0,0, 0,0):right:::null::5:6:null:(-1,9, -0,7, 0,0)
1821,9526:User 1:(2,0, 0,0, -1,2):(0,1, 0,0, -1,1):(0,3, 0,0, -1,1):(0,0, 0,0, 0,0):right:::null::5:6:null:(1,9, 0,5, 0,0)
1821,9526:User 2:(2,0, 0,0, -1,2):(0,1, 0,0, 1,1):(0,3, 0,0, -1,1):(0,0, 0,0, 0,0):right:::null::5:6:null:(-1,9, -0,7, 0,0)
1837,9474:User 1:(2,0, 0,0, -1,2):(0,1, 0,0, -1,1):(0,3, 0,0, -1,1):(0,0, 0,0, 0,0):right:::null::5:6:null:(1,9, 0,5, 0,0)
1837,9474:User 2:(2,0, 0,0, -1,2):(0,1, 0,0, 1,1):(0,3, 0,0, -1,1):(0,0, 0,0, 0,0):right:::null::5:6:null:(-1,9, -0,7, 0,0)
1854,9366:User 1:(2,0, 0,0, -1,2):(0,1, 0,0, -1,1):(0,3, 0,0, -1,1):(0,0, 0,0, 0,0):right:::null::5:6:null:(1,9, 0,5, 0,0)
1854,9366:User 2:(2,0, 0,0, -1,2):(0,1, 0,0, 1,1):(0,3, 0,0, -1,1):(0,0, 0,0, 0,0):right:::null::5:6:null:(-1,9, -0,7, 0,0)
1871,9242:User 1:(2,0, 0,0, -1,2):(0,1, 0,0, -1,1):(0,3, 0,0, -1,1):(0,0, 0,0, 0,0):right:::null::5:6:null:(1,9, 0,5, 0,0)
1871,9242:User 2:(2,0, 0,0, -1,2):(0,1, 0,0, 1,1):(0,3, 0,0, -1,1):(0,0, 0,0, 0,0):right:::null::5:6:null:(-1,9, -0,7, 0,0)
1887,932:User 1:(2,0, 0,0, -1,2):(0,1, 0,0, -1,1):(0,3, 0,0, -1,1):(0,0, 0,0, 0,0):right:::null::5:6:null:(1,9, 0,5, 0,0)
1887,932:User 2:(2,0, 0,0, -1,2):(0,1, 0,0, 1,1):(0,3, 0,0, -1,1):(0,0, 0,0, 0,0):right:::null::5:6:null:(-1,9, -0,7, 0,0)
1904,9251:User 1:(2,0, 0,0, -1,2):(0,1, 0,0, -1,1):(0,3, 0,0, -1,1):(0,0, 0,0, 0,0):right:::null::5:6:null:(1,9, 0,5, 0,0)
1904,9251:User 2:(2,0, 0,0, -1,2):(0,1, 0,0, 1,1):(0,3, 0,0, -1,1):(0,0, 0,0, 0,0):right:::null::5:6:null:(-1,9, -0,7, 0,0)
1920,9131:User 1:(2,0, 0,0, -1,2):(0,1, 0,0, -1,1):(0,3, 0,0, -1,1):(0,0, 0,0, 0,0):right:::null::5:6:null:(1,9, 0,5, 0,0)
1920,9131:User 2:(2,0, 0,0, -1,2):(0,1, 0,0, 1,1):(0,3, 0,0, -1,1):(0,0, 0,0, 0,0):right:::null::5:6:null:(-1,9, -0,7, 0,0)
1937,8865:User 1:(2,0, 0,0, -1,2):(0,1, 0,0, -1,1):(0,3, 0,0, -1,1):(0,0, 0,0, 0,0):right:::null::5:6:null:(1,9, 0,5, 0,0)
1937,8865:User 2:(2,0, 0,0, -1,2):(0,1, 0,0, 1,1):(0,3, 0,0, -1,1):(0,0, 0,0, 0,0):right:::null::5:6:null:(-1,9, -0,7, 0,0)
1953,8785:User 1:(2,0, 0,0, -1,2):(0,1, 0,0, -1,1):(0,3, 0,0, -1,1):(0,0, 0,0, 0,0):right:::null::5:6:null:(1,9, 0,5, 0,0)
1953,8785:User 2:(2,0, 0,0, -1,2):(0,1, 0,0, 1,1):(0,3, 0,0, -1,1):(0,0, 0,0, 0,0):right:::null::5:6:null:(-1,9, -0,7, 0,0)
1970,872:User 1:(2,0, 0,0, -1,2):(0,1, 0,0, -1,1):(0,3, 0,0, -1,1):(0,0, 0,0, 0,0):right:::null::5:6:null:(1,9, 0,5, 0,0)
1970,872:User 2:(2,0, 0,0, -1,2):(0,1, 0,0, 1,1):(0,3, 0,0, -1,1):(0,0, 0,0, 0,0):right:::null::5:6:null:(-1,9, -0,7, 0,0)
1986,8601:User 1:(2,0, 0,0, -1,2):(0,1, 0,0, -1,1):(0,3, 0,0, -1,1):(0,0, 0,0, 0,0):right:::null::5:6:null:(1,9, 0,5, 0,0)
1986,8601:User 2:(2,0, 0,0, -1,2):(0,1, 0,0, 1,1):(0,3, 0,0, -1,1):(0,0, 0,0, 0,0):right:::null::5:6:null:(-1,9, -0,7, 0,0)
2003,8484:User 1:(2,0, 0,0, -1,2):(0,1, 0,0, -1,1):(0,3, 0,0, -1,1):(0,0, 0,0, 0,0):right:::null::5:6:null:(1,9, 0,5, 0,0)
2003,8484:User 2:(2,0, 0,0, -1,2):(0,1, 0,0, 1,1):(0,3, 0,0, -1,1):(0,0, 0,0, 0,0):right:::null::5:6:null:(-1,9, -0,7, 0,0)
2020,8392:User 1:(2,0, 0,0, -1,2):(0,1, 0,0, -1,1):(0,3, 0,0, -1,1):(0,0, 0,0, 0,0):right:::null::5:6:null:(1,9, 0,5, 0,0)
2020,8392:User 2:(2,0, 0,0, -1,2):(0,1, 0,0, 1,1):(0,3, 0,0, -1,1):(0,0, 0,0, 0,0):right:::null::5:6:null:(-1,9, -0,7, 0,0)
2036,832:User 1:(2,0, 0,0, -1,2):(0,1, 0,0, -1,1):(0,3, 0,0, -1,1):(0,0, 0,0, 0,0):right:::null::5:6:null:(1,9, 0,5, 0,0)
2036,832:User 2:(2,0, 0,0, -1,2):(0,1, 0,0, 1,1):(0,3, 0,0, -1,1):(0,0, 0,0, 0,0):right:::null::5:6:null:(-1,9, -0,7, 0,0)
2053,82:User 1:(2,0, 0,0, -1,2):(0,1, 0,0, -1,1):(0,3, 0,0, -1,1):(0,0, 0,0, 0,0):right:::null::5:6:null:(1,9, 0,5, 0,0)
2053,82:User 2:(2,0, 0,0, -1,2):(0,1, 0,0, 1,1):(0,3, 0,0, -1,1):(0,0, 0,0, 0,0):right:::null::5:6:null:(-1,9, -0,7, 0,0)
2069,8143:User 1:(2,0, 0,0, -1,2):(0,1, 0,0, -1,1):(0,3, 0,0, -1,1):(0,0, 0,0, 0,0):right:::null::5:6:null:(1,9, 0,5, 0,0)
2069,8143:User 2:(2,0, 0,0, -1,2):(0,1, 0,0, 1,1):(0,3, 0,0, -1,1):(0,0, 0,0, 0,0):right:::null::5:6:null:(-1,9, -0,7, 0,0)
2085,8237:User 1:(2,0, 0,0, -1,2):(0,1, 0,0, -1,1):(0,3, 0,0, -1,1):(0,0, 0,0, 0,0):right:::null::5:6:null:(1,9, 0,5, 0,0)
2085,8237:User 2:(2,0, 0,0, -1,2):(0,1, 0,0, 1,1):(0,3, 0,0, -1,1):(0,0, 0,0, 0,0):right:::null::5:6:null:(-1,9, -0,7, 0,0)
2103,7911:User 1:(2,0, 0,0, -1,2):(0,1, 0,0, -1,1):(0,3, 0,0, -1,1):(0,0, 0,0, 0,0):right:::null::5:6:null:(1,9, 0,5, 0,0)
2103,7911:User 2:(2,0, 0,0, -1,2):(0,1, 0,0, 1,1):(0,3, 0,0, -1,1):(0,0, 0,0, 0,0):right:::null::5:6:null:(-1,9, -0,7, 0,0)
2119,7894:User 1:(2,0, 0,0, -1,2):(0,1, 0,0, -1,1):(0,3, 0,0, -1,1):(0,0, 0,0, 0,0):right:::null::5:6:null:(1,9, 0,5, 0,0)
2119,7894:User 2:(2,0, 0,0, -1,2):(0,1, 0,0, 1,1):(0,3, 0,0, -1,1):(0,0, 0,0, 0,0):right:::null::5:6:null:(-1,9, -0,7, 0,0)
2136,7734:User 1:(2,0, 0,0, -1,2):(0,1, 0,0, -1,1):(0,3, 0,0, -1,1):(0,0, 0,0, 0,0):right:::null::5:6:null:(1,9, 0,5, 0,0)
2136,7734:User 2:(2,0, 0,0, -1,2):(0,1, 0,0, 1,1):(0,3, 0,0, -1,1):(0,0, 0,0, 0,0):right:::null::5:6:null:(-1,9, -0,7, 0,0)
2153,7626:User 1:(2,0, 0,0, -1,2):(0,1, 0,0, -1,1):(0,3, 0,0, -1,1):(0,0, 0,0, 0,0):right:::null::5:6:null:(1,9, 0,5, 0,0)
2153,7626:User 2:(2,0, 0,0, -1,2):(0,1, 0,0, 1,1):(0,3, 0,0, -1,1):(0,0, 0,0, 0,0):right:::null::5:6:null:(-1,9, -0,7, 0,0)
2169,7605:User 1:(2,0, 0,0, -1,2):(0,1, 0,0, -1,1):(0,3, 0,0, -1,1):(0,0, 0,0, 0,0):right:::null::5:6:null:(1,9, 0,5, 0,0)
2169,7605:User 2:(2,0, 0,0, -1,2):(0,1, 0,0, 1,1):(0,3, 0,0, -1,1):(0,0, 0,0, 0,0):right:::null::5:6:null:(-1,9, -0,7, 0,0)
2186,7525:User 1:(2,0, 0,0, -1,2):(0,1, 0,0, -1,1):(0,3, 0,0, -1,1):(0,0, 0,0, 0,0):right:::null::5:6:null:(1,9, 0,5, 0,0)
2186,7525:User 2:(2,0, 0,0, -1,2):(0,1, 0,0, 1,1):(0,3, 0,0, -1,1):(0,0, 0,0, 0,0):right:::null::5:6:null:(-1,9, -0,7, 0,0)
2202,7393:User 1:(2,0, 0,0, -1,2):(0,1, 0,0, -1,1):(0,3, 0,0, -1,1):(0,0, 0,0, 0,0):right:::null::5:6:null:(1,9, 0,5, 0,0)
2202,7393:User 2:(2,0, 0,0, -1,2):(0,1, 0,0, 1,1):(0,3, 0,0, -1,1):(0,0, 0,0, 0,0):right:::null::5:6:null:(-1,9, -0,7, 0,0)
2219,7305:User 1:(2,0, 0,0, -1,2):(0,1, 0,0, -1,1):(0,3, 0,0, -1,1):(0,0, 0,0, 0,0):right:::null::5:6:null:(1,9, 0,5, 0,0)
2219,7305:User 2:(2,0, 0,0, -1,2):(0,1, 0,0, 1,1):(0,3, 0,0, -1,1):(0,0, 0,0, 0,0):right:::null::5:6:null:(-1,9, -0,7, 0,0)
2236,7149:User 1:(2,0, 0,0, -1,2):(0,1, 0,0, -1,1):(0,3, 0,0, -1,1):(0,0, 0,0, 0,0):right:::null::5:6:null:(1,9, 0,5, 0,0)
2236,7149:User 2:(2,0, 0,0, -1,2):(0,1, 0,0, 1,1):(0,3, 0,0, -1,1):(0,0, 0,0, 0,0):right:::null::5:6:null:(-1,9, -0,7, 0,0)
2252,7101:User 1:(2,0, 0,0, -1,2):(0,1, 0,0, -1,1):(0,3, 0,0, -1,1):(0,0, 0,0, 0,0):right:::null::5:6:null:(1,9, 0,5, 0,0)
2252,7101:User 2:(2,0, 0,0, -1,2):(0,1, 0,0, 1,1):(0,3, 0,0, -1,1):(0,0, 0,0, 0,0):right:::null::5:6:null:(-1,9, -0,7, 0,0)
2269,6965:User 1:(2,0, 0,0, -1,2):(0,1, 0,0, -1,1):(0,3, 0,0, -1,1):(0,0, 0,0, 0,0):right:::null::5:6:null:(1,9, 0,5, 0,0)
2269,6965:User 2:(2,0, 0,0, -1,2):(0,1, 0,0, 1,1):(0,3, 0,0, -1,1):(0,0, 0,0, 0,0):right:::null::5:6:null:(-1,9, -0,7, 0,0)
2285,6904:User 1:(2,0, 0,0, -1,2):(0,1, 0,0, -1,1):(0,3, 0,0, -1,1):(0,0, 0,0, 0,0):right:::null::5:6:null:(1,9, 0,5, 0,0)
2285,6904:User 2:(2,0, 0,0, -1,2):(0,1, 0,0, 1,1):(0,3, 0,0, -1,1):(0,0, 0,0, 0,0):right:::null::5:6:null:(-1,9, -0,7, 0,0)
2301,6793:User 1:(2,0, 0,0, -1,2):(0,1, 0,0, -1,1):(0,3, 0,0, -1,1):(0,0, 0,0, 0,0):right:::null::5:6:null:(1,9, 0,5, 0,0)
2301,6793:User 2:(2,0, 0,0, -1,2):(0,1, 0,0, 1,1):(0,3, 0,0, -1,1):(0,0, 0,0, 0,0):right:::null::5:6:null:(-1,9, -0,7, 0,0)
2319,6727:User 1:(2,0, 0,0, -1,2):(0,1, 0,0, -1,1):(0,3, 0,0, -1,1):(0,0, 0,0, 0,0):right:::null::5:6:null:(1,9, 0,5, 0,0)
2319,6727:User 2:(2,0, 0,0, -1,2):(0,1, 0,0, 1,1):(0,3, 0,0, -1,1):(0,0, 0,0, 0,0):right:::null::5:6:null:(-1,9, -0,7, 0,0)
2334,6747:User 1:(2,0, 0,0, -1,2):(0,1, 0,0, -1,1):(0,3, 0,0, -1,1):(0,0, 0,0, 0,0):right:::null::5:6:null:(1,9, 0,5, 0,0)
2334,6747:User 2:(2,0, 0,0, -1,2):(0,1, 0,0, 1,1):(0,3, 0,0, -1,1):(0,0, 0,0, 0,0):right:::null::5:6:null:(-1,9, -0,7, 0,0)
2351,6492:User 1:(2,0, 0,0, -1,2):(0,1, 0,0, -1,1):(0,3, 0,0, -1,1):(0,0, 0,0, 0,0):right:::null::5:6:null:(1,9, 0,5, 0,0)
2351,6492:User 2:(2,0, 0,0, -1,2):(0,1, 0,0, 1,1):(0,3, 0,0, -1,1):(0,0, 0,0, 0,0):right:::null::5:6:null:(-1,9, -0,7, 0,0)
2369,6438:User 1:(2,0, 0,0, -1,2):(0,1, 0,0, -1,1):(0,3, 0,0, -1,1):(0,0, 0,0, 0,0):right:::null::5:6:null:(1,9, 0,5, 0,0)
2369,6438:User 2:(2,0, 0,0, -1,2):(0,1, 0,0, 1,1):(0,3, 0,0, -1,1):(0,0, 0,0, 0,0):right:::null::5:6:null:(-1,9, -0,7, 0,0)
2384,6458:User 1:(2,0, 0,0, -1,2):(0,1, 0,0, -1,1):(0,3, 0,0, -1,1):(0,0, 0,0, 0,0):right:::null::5:6:null:(1,9, 0,5, 0,0)
2384,6458:User 2:(2,0, 0,0, -1,2):(0,1, 0,0, 1,1):(0,3, 0,0, -1,1):(0,0, 0,0, 0,0):right:::null::5:6:null:(-1,9, -0,7, 0,0)
2401,6251:User 1:(2,0, 0,0, -1,2):(0,1, 0,0, -1,1):(0,3, 0,0, -1,1):(0,0, 0,0, 0,0):right:::null::5:6:null:(1,9, 0,5, 0,0)
2401,6251:User 2:(2,0, 0,0, -1,2):(0,1, 0,0, 1,1):(0,3, 0,0, -1,1):(0,0, 0,0, 0,0):right:::null::5:6:null:(-1,9, -0,7, 0,0)
2417,6266:User 1:(2,0, 0,0, -1,2):(0,1, 0,0, -1,1):(0,3, 0,0, -1,1):(0,0, 0,0, 0,0):right:::null::5:6:null:(1,9, 0,5, 0,0)
2417,6266:User 2:(2,0, 0,0, -1,2):(0,1, 0,0, 1,1):(0,3, 0,0, -1,1):(0,0, 0,0, 0,0):right:::null::5:6:null:(-1,9, -0,7, 0,0)
2434,6015:User 1:(2,0, 0,0, -1,2):(0,1, 0,0, -1,1):(0,3, 0,0, -1,1):(0,0, 0,0, 0,0):right:::null::5:6:null:(1,9, 0,5, 0,0)
2434,6015:User 2:(2,0, 0,0, -1,2):(0,1, 0,0, 1,1):(0,3, 0,0, -1,1):(0,0, 0,0, 0,0):right:::null::5:6:null:(-1,9, -0,7, 0,0)
2451,5915:User 1:(2,0, 0,0, -1,2):(0,1, 0,0, -1,1):(0,3, 0,0, -1,1):(0,0, 0,0, 0,0):right:::null::5:6:null:(1,9, 0,5, 0,0)
2451,5915:User 2:(2,0, 0,0, -1,2):(0,1, 0,0, 1,1):(0,3, 0,0, -1,1):(0,0, 0,0, 0,0):right:::null::5:6:null:(-1,9, -0,7, 0,0)
2467,5981:User 1:(2,0, 0,0, -1,2):(0,1, 0,0, -1,1):(0,3, 0,0, -1,1):(0,0, 0,0, 0,0):right:::null::5:6:null:(1,9, 0,5, 0,0)
2467,5981:User 2:(2,0, 0,0, -1,2):(0,1, 0,0, 1,1):(0,3, 0,0, -1,1):(0,0, 0,0, 0,0):right:::null::5:6:null:(-1,9, -0,7, 0,0)
2484,5758:User 1:(2,0, 0,0, -1,2):(0,1, 0,0, -1,1):(0,3, 0,0, -1,1):(0,0, 0,0, 0,0):right:::null::5:6:null:(1,9, 0,5, 0,0)
2484,5758:User 2:(2,0, 0,0, -1,2):(0,1, 0,0, 1,1):(0,3, 0,0, -1,1):(0,0, 0,0, 0,0):right:::null::5:6:null:(-1,9, -0,7, 0,0)
2500,5793:User 1:(2,0, 0,0, -1,2):(0,1, 0,0, -1,1):(0,3, 0,0, -1,1):(0,0, 0,0, 0,0):right:::null::5:6:null:(1,9, 0,5, 0,0)
2500,5793:User 2:(2,0, 0,0, -1,2):(0,1, 0,0, 1,1):(0,3, 0,0, -1,1):(0,0, 0,0, 0,0):right:::null::5:6:null:(-1,9, -0,7, 0,0)
2517,553:User 1:(2,0, 0,0, -1,2):(0,1, 0,0, -1,1):(0,3, 0,0, -1,1):(0,0, 0,0, 0,0):right:::null::5:6:null:(1,9, 0,5, 0,0)
2517,553:User 2:(2,0, 0,0, -1,2):(0,1, 0,0, 1,1):(0,3, 0,0, -1,1):(0,0, 0,0, 0,0):right:::null::5:6:null:(-1,9, -0,7, 0,0)
2534,5442:User 1:(2,0, 0,0, -1,2):(0,1, 0,0, -1,1):(0,3, 0,0, -1,1):(0,0, 0,0, 0,0):right:::null::5:6:null:(1,9, 0,5, 0,0)
2534,5442:User 2:(2,0, 0,0, -1,2):(0,1, 0,0, 1,1):(0,3, 0,0, -1,1):(0,0, 0,0, 0,0):right:::null::5:6:null:(-1,9, -0,7, 0,0)
2550,535:User 1:(2,0, 0,0, -1,2):(0,1, 0,0, -1,1):(0,3, 0,0, -1,1):(0,0, 0,0, 0,0):right:::null::5:6:null:(1,9, 0,5, 0,0)
2550,535:User 2:(2,0, 0,0, -1,2):(0,1, 0,0, 1,1):(0,3, 0,0, -1,1):(0,0, 0,0, 0,0):right:::null::5:6:null:(-1,9, -0,7, 0,0)
2567,5253:User 1:(2,0, 0,0, -1,2):(0,1, 0,0, -1,1):(0,3, 0,0, -1,1):(0,0, 0,0, 0,0):right:::null::5:6:null:(1,9, 0,5, 0,0)
2567,5253:User 2:(2,0, 0,0, -1,2):(0,1, 0,0, 1,1):(0,3, 0,0, -1,1):(0,0, 0,0, 0,0):right:::null::5:6:null:(-1,9, -0,7, 0,0)
2583,5166:User 1:(2,0, 0,0, -1,2):(0,1, 0,0, -1,1):(0,3, 0,0, -1,1):(0,0, 0,0, 0,0):right:::null::5:6:null:(1,9, 0,5, 0,0)
2583,5166:User 2:(2,0, 0,0, -1,2):(0,1, 0,0, 1,1):(0,3, 0,0, -1,1):(0,0, 0,0, 0,0):right:::null::5:6:null:(-1,9, -0,7, 0,0)
2600,5069:User 1:(2,0, 0,0, -1,2):(0,1, 0,0, -1,1):(0,3, 0,0, -1,1):(0,0, 0,0, 0,0):right:::null::5:6:null:(1,9, 0,5, 0,0)
2600,5069:User 2:(2,0, 0,0, -1,2):(0,1, 0,0, 1,1):(0,3, 0,0, -1,1):(0,0, 0,0, 0,0):right:::null::5:6:null:(-1,9, -0,7, 0,0)
2616,4981:User 1:(2,0, 0,0, -1,2):(0,1, 0,0, -1,1):(0,3, 0,0, -1,1):(0,0, 0,0, 0,0):right:::null::5:6:null:(1,9, 0,5, 0,0)
2616,4981:User 2:(2,0, 0,0, -1,2):(0,1, 0,0, 1,1):(0,3, 0,0, -1,1):(0,0, 0,0, 0,0):right:::null::5:6:null:(-1,9, -0,7, 0,0)
2633,4893:User 1:(2,0, 0,0, -1,2):(0,1, 0,0, -1,1):(0,3, 0,0, -1,1):(0,0, 0,0, 0,0):right:::null::5:6:null:(1,9, 0,5, 0,0)
2633,4893:User 2:(2,0, 0,0, -1,2):(0,1, 0,0, 1,1):(0,3, 0,0, -1,1):(0,0, 0,0, 0,0):right:::null::5:6:null:(-1,9, -0,7, 0,0)
2650,4784:User 1:(2,0, 0,0, -1,2):(0,1, 0,0, -1,1):(0,3, 0,0, -1,1):(0,0, 0,0, 0,0):right:::null::5:6:null:(1,9, 0,5, 0,0)
2650,4784:User 2:(2,0, 0,0, -1,2):(0,1, 0,0, 1,1):(0,3, 0,0, -1,1):(0,0, 0,0, 0,0):right:::null::5:6:null:(-1,9, -0,7, 0,0)
2666,4696:User 1:(2,0, 0,0, -1,2):(0,1, 0,0, -1,1):(0,3, 0,0, -1,1):(0,0, 0,0, 0,0):right:::null::5:6:null:(1,9, 0,5, 0,0)
2666,4696:User 2:(2,0, 0,0, -1,2):(0,1, 0,0, 1,1):(0,3, 0,0, -1,1):(0,0, 0,0, 0,0):right:::null::5:6:null:(-1,9, -0,7, 0,0)
2683,4592:User 1:(2,0, 0,0, -1,2):(0,1, 0,0, -1,1):(0,3, 0,0, -1,1):(0,0, 0,0, 0,0):right:::null::5:6:null:(1,9, 0,5, 0,0)
2683,4592:User 2:(2,0, 0,0, -1,2):(0,1, 0,0, 1,1):(0,3, 0,0, -1,1):(0,0, 0,0, 0,0):right:::null::5:6:null:(-1,9, -0,7, 0,0)
2699,4508:User 1:(2,0, 0,0, -1,2):(0,1, 0,0, -1,1):(0,3, 0,0, -1,1):(0,0, 0,0, 0,0):right:::null::5:6:null:(1,9, 0,5, 0,0)
2699,4508:User 2:(2,0, 0,0, -1,2):(0,1, 0,0, 1,1):(0,3, 0,0, -1,1):(0,0, 0,0, 0,0):right:::null::5:6:null:(-1,9, -0,7, 0,0)
2716,4392:User 1:(2,0, 0,0, -1,2):(0,1, 0,0, -1,1):(0,3, 0,0, -1,1):(0,0, 0,0, 0,0):right:::null::5:6:null:(1,9, 0,5, 0,0)
2716,4392:User 2:(2,0, 0,0, -1,2):(0,1, 0,0, 1,1):(0,3, 0,0, -1,1):(0,0, 0,0, 0,0):right:::null::5:6:null:(-1,9, -0,7, 0,0)
2732,4343:User 1:(2,0, 0,0, -1,2):(0,1, 0,0, -1,1):(0,3, 0,0, -1,1):(0,0, 0,0, 0,0):right:::null::5:6:null:(1,9, 0,5, 0,0)
2732,4343:User 2:(2,0, 0,0, -1,2):(0,1, 0,0, 1,1):(0,3, 0,0, -1,1):(0,0, 0,0, 0,0):right:::null::5:6:null:(-1,9, -0,7, 0,0)
2749,4381:User 1:(2,0, 0,0, -1,2):(0,1, 0,0, -1,1):(0,3, 0,0, -1,1):(0,0, 0,0, 0,0):right:::null::5:6:null:(1,9, 0,5, 0,0)
2749,4381:User 2:(2,0, 0,0, -1,2):(0,1, 0,0, 1,1):(0,3, 0,0, -1,1):(0,0, 0,0, 0,0):right:::null::5:6:null:(-1,9, -0,7, 0,0)
2766,4285:User 1:(2,0, 0,0, -1,2):(0,1, 0,0, -1,1):(0,3, 0,0, -1,1):(0,0, 0,0, 0,0):right:::null::5:6:null:(1,9, 0,5, 0,0)
2766,4285:User 2:(2,0, 0,0, -1,2):(0,1, 0,0, 1,1):(0,3, 0,0, -1,1):(0,0, 0,0, 0,0):right:::null::5:6:null:(-1,9, -0,7, 0,0)
2782,4007:User 1:(2,0, 0,0, -1,2):(0,1, 0,0, -1,1):(0,3, 0,0, -1,1):(0,0, 0,0, 0,0):right:::null::5:6:null:(1,9, 0,5, 0,0)
2782,4007:User 2:(2,0, 0,0, -1,2):(0,1, 0,0, 1,1):(0,3, 0,0, -1,1):(0,0, 0,0, 0,0):right:::null::5:6:null:(-1,9, -0,7, 0,0)
2799,3938:User 1:(2,0, 0,0, -1,2):(0,1, 0,0, -1,1):(0,3, 0,0, -1,1):(0,0, 0,0, 0,0):right:::null::5:6:null:(1,9, 0,5, 0,0)
2799,3938:User 2:(2,0, 0,0, -1,2):(0,1, 0,0, 1,1):(0,3, 0,0, -1,1):(0,0, 0,0, 0,0):right:::null::5:6:null:(-1,9, -0,7, 0,0)
2815,3862:User 1:(2,0, 0,0, -1,2):(0,1, 0,0, -1,1):(0,3, 0,0, -1,1):(0,0, 0,0, 0,0):right:::null::5:6:null:(1,9, 0,5, 0,0)
2815,3862:User 2:(2,0, 0,0, -1,2):(0,1, 0,0, 1,1):(0,3, 0,0, -1,1):(0,0, 0,0, 0,0):right:::null::5:6:null:(-1,9, -0,7, 0,0)
2832,3904:User 1:(2,0, 0,0, -1,2):(0,1, 0,0, -1,1):(0,3, 0,0, -1,1):(0,0, 0,0, 0,0):right:::null::5:6:null:(1,9, 0,5, 0,0)
2832,3904:User 2:(2,0, 0,0, -1,2):(0,1, 0,0, 1,1):(0,3, 0,0, -1,1):(0,0, 0,0, 0,0):right:::null::5:6:null:(-1,9, -0,7, 0,0)
2848,3678:User 1:(2,0, 0,0, -1,2):(0,1, 0,0, -1,1):(0,3, 0,0, -1,1):(0,0, 0,0, 0,0):right:::null::5:6:null:(1,9, 0,5, 0,0)
2848,3678:User 2:(2,0, 0,0, -1,2):(0,1, 0,0, 1,1):(0,3, 0,0, -1,1):(0,0, 0,0, 0,0):right:::null::5:6:null:(-1,9, -0,7, 0,0)
2865,3582:User 1:(2,0, 0,0, -1,2):(0,1, 0,0, -1,1):(0,3, 0,0, -1,1):(0,0, 0,0, 0,0):right:::null::5:6:null:(1,9, 0,5, 0,0)
2865,3582:User 2:(2,0, 0,0, -1,2):(0,1, 0,0, 1,1):(0,3, 0,0, -1,1):(0,0, 0,0, 0,0):right:::null::5:6:null:(-1,9, -0,7, 0,0)
2882,3485:User 1:(2,0, 0,0, -1,2):(0,1, 0,0, -1,1):(0,3, 0,0, -1,1):(0,0, 0,0, 0,0):right:::null::5:6:null:(1,9, 0,5, 0,0)
2882,3485:User 2:(2,0, 0,0, -1,2):(0,1, 0,0, 1,1):(0,3, 0,0, -1,1):(0,0, 0,0, 0,0):right:::null::5:6:null:(-1,9, -0,7, 0,0)
2898,3393:User 1:(2,0, 0,0, -1,2):(0,1, 0,0, -1,1):(0,3, 0,0, -1,1):(0,0, 0,0, 0,0):right:::null::5:6:null:(1,9, 0,5, 0,0)
2898,3393:User 2:(2,0, 0,0, -1,2):(0,1, 0,0, 1,1):(0,3, 0,0, -1,1):(0,0, 0,0, 0,0):right:::null::5:6:null:(-1,9, -0,7, 0,0)
2915,3269:User 1:(2,0, 0,0, -1,2):(0,1, 0,0, -1,1):(0,3, 0,0, -1,1):(0,0, 0,0, 0,0):right:::null::5:6:null:(1,9, 0,5, 0,0)
2915,3269:User 2:(2,0, 0,0, -1,2):(0,1, 0,0, 1,1):(0,3, 0,0, -1,1):(0,0, 0,0, 0,0):right:::null::5:6:null:(-1,9, -0,7, 0,0)
2931,3323:User 1:(2,0, 0,0, -1,2):(0,1, 0,0, -1,1):(0,3, 0,0, -1,1):(0,0, 0,0, 0,0):right:::null::5:6:null:(1,9, 0,5, 0,0)
2931,3323:User 2:(2,0, 0,0, -1,2):(0,1, 0,0, 1,1):(0,3, 0,0, -1,1):(0,0, 0,0, 0,0):right:::null::5:6:null:(-1,9, -0,7, 0,0)
2948,3065:User 1:(2,0, 0,0, -1,2):(0,1, 0,0, -1,1):(0,3, 0,0, -1,1):(0,0, 0,0, 0,0):right:::null::5:6:null:(1,9, 0,5, 0,0)
2948,3065:User 2:(2,0, 0,0, -1,2):(0,1, 0,0, 1,1):(0,3, 0,0, -1,1):(0,0, 0,0, 0,0):right:::null::5:6:null:(-1,9, -0,7, 0,0)
2964,2989:User 1:(2,0, 0,0, -1,2):(0,1, 0,0, -1,1):(0,3, 0,0, -1,1):(0,0, 0,0, 0,0):right:::null::5:6:null:(1,9, 0,5, 0,0)
2964,2989:User 2:(2,0, 0,0, -1,2):(0,1, 0,0, 1,1):(0,3, 0,0, -1,1):(0,0, 0,0, 0,0):right:::null::5:6:null:(-1,9, -0,7, 0,0)
2981,3043:User 1:(2,0, 0,0, -1,2):(0,1, 0,0, -1,1):(0,3, 0,0, -1,1):(0,0, 0,0, 0,0):right:::null::5:6:null:(1,9, 0,5, 0,0)
2981,3043:User 2:(2,0, 0,0, -1,2):(0,1, 0,0, 1,1):(0,3, 0,0, -1,1):(0,0, 0,0, 0,0):right:::null::5:6:null:(-1,9, -0,7, 0,0)
2998,28:User 1:(2,0, 0,0, -1,2):(0,1, 0,0, -1,1):(0,3, 0,0, -1,1):(0,0, 0,0, 0,0):right:::null::5:6:null:(1,9, 0,5, 0,0)
2998,28:User 2:(2,0, 0,0, -1,2):(0,1, 0,0, 1,1):(0,3, 0,0, -1,1):(0,0, 0,0, 0,0):right:::null::5:6:null:(-1,9, -0,7, 0,0)
3014,2728:User 1:(2,0, 0,0, -1,2):(0,1, 0,0, -1,1):(0,3, 0,0, -1,1):(0,0, 0,0, 0,0):right:::null::5:6:null:(1,9, 0,5, 0,0)
3014,2728:User 2:(2,0, 0,0, -1,2):(0,1, 0,0, 1,1):(0,3, 0,0, -1,1):(0,0, 0,0, 0,0):right:::null::5:6:null:(-1,9, -0,7, 0,0)
3031,2588:User 1:(2,0, 0,0, -1,2):(0,1, 0,0, -1,1):(0,3, 0,0, -1,1):(0,0, 0,0, 0,0):right:::null::5:6:null:(1,9, 0,5, 0,0)
3031,2588:User 2:(2,0, 0,0, -1,2):(0,1, 0,0, 1,1):(0,3, 0,0, -1,1):(0,0, 0,0, 0,0):right:::null::5:6:null:(-1,9, -0,7, 0,0)
3047,254:User 1:(2,0, 0,0, -1,2):(0,1, 0,0, -1,1):(0,3, 0,0, -1,1):(0,0, 0,0, 0,0):right:::null::5:6:null:(1,9, 0,5, 0,0)
3047,254:User 2:(2,0, 0,0, -1,2):(0,1, 0,0, 1,1):(0,3, 0,0, -1,1):(0,0, 0,0, 0,0):right:::null::5:6:null:(-1,9, -0,7, 0,0)
3064,2427:User 1:(2,0, 0,0, -1,2):(0,1, 0,0, -1,1):(0,3, 0,0, -1,1):(0,0, 0,0, 0,0):right:::null::5:6:null:(1,9, 0,5, 0,0)
3064,2427:User 2:(2,0, 0,0, -1,2):(0,1, 0,0, 1,1):(0,3, 0,0, -1,1):(0,0, 0,0, 0,0):right:::null::5:6:null:(-1,9, -0,7, 0,0)
3080,2474:User 1:(2,0, 0,0, -1,2):(0,1, 0,0, -1,1):(0,3, 0,0, -1,1):(0,0, 0,0, 0,0):right:::null::5:6:null:(1,9, 0,5, 0,0)
3080,2474:User 2:(2,0, 0,0, -1,2):(0,1, 0,0, 1,1):(0,3, 0,0, -1,1):(0,0, 0,0, 0,0):right:::null::5:6:null:(-1,9, -0,7, 0,0)
3097,2204:User 1:(2,0, 0,0, -1,2):(0,1, 0,0, -1,1):(0,3, 0,0, -1,1):(0,0, 0,0, 0,0):right:::null::5:6:null:(1,9, 0,5, 0,0)
3097,2204:User 2:(2,0, 0,0, -1,2):(0,1, 0,0, 1,1):(0,3, 0,0, -1,1):(0,0, 0,0, 0,0):right:::null::5:6:null:(-1,9, -0,7, 0,0)
3114,2139:User 1:(2,0, 0,0, -1,2):(0,1, 0,0, -1,1):(0,3, 0,0, -1,1):(0,0, 0,0, 0,0):right:::null::5:6:null:(1,9, 0,5, 0,0)
3114,2139:User 2:(2,0, 0,0, -1,2):(0,1, 0,0, 1,1):(0,3, 0,0, -1,1):(0,0, 0,0, 0,0):right:::null::5:6:null:(-1,9, -0,7, 0,0)
3130,2043:User 1:(2,0, 0,0, -1,2):(0,1, 0,0, -1,1):(0,3, 0,0, -1,1):(0,0, 0,0, 0,0):right:::null::5:6:null:(1,9, 0,5, 0,0)
3130,2043:User 2:(2,0, 0,0, -1,2):(0,1, 0,0, 1,1):(0,3, 0,0, -1,1):(0,0, 0,0, 0,0):right:::null::5:6:null:(-1,9, -0,7, 0,0)
3147,1962:User 1:(2,0, 0,0, -1,2):(0,1, 0,0, -1,1):(0,3, 0,0, -1,1):(0,0, 0,0, 0,0):right:::null::5:6:null:(1,9, 0,5, 0,0)
3147,1962:User 2:(2,0, 0,0, -1,2):(0,1, 0,0, 1,1):(0,3, 0,0, -1,1):(0,0, 0,0, 0,0):right:::null::5:6:null:(-1,9, -0,7, 0,0)
3163,2005:User 1:(2,0, 0,0, -1,2):(0,1, 0,0, -1,1):(0,3, 0,0, -1,1):(0,0, 0,0, 0,0):right:::null::5:6:null:(1,9, 0,5, 0,0)
3163,2005:User 2:(2,0, 0,0, -1,2):(0,1, 0,0, 1,1):(0,3, 0,0, -1,1):(0,0, 0,0, 0,0):right:::null::5:6:null:(-1,9, -0,7, 0,0)
3180,175:User 1:(2,0, 0,0, -1,2):(0,1, 0,0, -1,1):(0,3, 0,0, -1,1):(0,0, 0,0, 0,0):right:::null::5:6:null:(1,9, 0,5, 0,0)
3180,175:User 2:(2,0, 0,0, -1,2):(0,1, 0,0, 1,1):(0,3, 0,0, -1,1):(0,0, 0,0, 0,0):right:::null::5:6:null:(-1,9, -0,7, 0,0)
3197,1642:User 1:(2,0, 0,0, -1,2):(0,1, 0,0, -1,1):(0,3, 0,0, -1,1):(0,0, 0,0, 0,0):right:::null::5:6:null:(1,9, 0,5, 0,0)
3197,1642:User 2:(2,0, 0,0, -1,2):(0,1, 0,0, 1,1):(0,3, 0,0, -1,1):(0,0, 0,0, 0,0):right:::null::5:6:null:(-1,9, -0,7, 0,0)
3213,1724:User 1:(2,0, 0,0, -1,2):(0,1, 0,0, -1,1):(0,3, 0,0, -1,1):(0,0, 0,0, 0,0):right:::null::5:6:null:(1,9, 0,5, 0,0)
3213,1724:User 2:(2,0, 0,0, -1,2):(0,1, 0,0, 1,1):(0,3, 0,0, -1,1):(0,0, 0,0, 0,0):right:::null::5:6:null:(-1,9, -0,7, 0,0)
3230,1465:User 1:(2,0, 0,0, -1,2):(0,1, 0,0, -1,1):(0,3, 0,0, -1,1):(0,0, 0,0, 0,0):right:::null::5:6:null:(1,9, 0,5, 0,0)
3230,1465:User 2:(2,0, 0,0, -1,2):(0,1, 0,0, 1,1):(0,3, 0,0, -1,1):(0,0, 0,0, 0,0):right:::null::5:6:null:(-1,9, -0,7, 0,0)
3246,1397:User 1:(2,0, 0,0, -1,2):(0,1, 0,0, -1,1):(0,3, 0,0, -1,1):(0,0, 0,0, 0,0):right:::null::5:6:null:(1,9, 0,5, 0,0)
3246,1397:User 2:(2,0, 0,0, -1,2):(0,1, 0,0, 1,1):(0,3, 0,0, -1,1):(0,0, 0,0, 0,0):right:::null::5:6:null:(-1,9, -0,7, 0,0)
3263,1301:User 1:(2,0, 0,0, -1,2):(0,1, 0,0, -1,1):(0,3, 0,0, -1,1):(0,0, 0,0, 0,0):right:::null::5:6:null:(1,9, 0,5, 0,0)
3263,1301:User 2:(2,0, 0,0, -1,2):(0,1, 0,0, 1,1):(0,3, 0,0, -1,1):(0,0, 0,0, 0,0):right:::null::5:6:null:(-1,9, -0,7, 0,0)
3279,1185:User 1:(2,0, 0,0, -1,2):(0,1, 0,0, -1,1):(0,3, 0,0, -1,1):(0,0, 0,0, 0,0):right:::null::5:6:null:(1,9, 0,5, 0,0)
3279,1185:User 2:(2,0, 0,0, -1,2):(0,1, 0,0, 1,1):(0,3, 0,0, -1,1):(0,0, 0,0, 0,0):right:::null::5:6:null:(-1,9, -0,7, 0,0)
3296,1069:User 1:(2,0, 0,0, -1,2):(0,1, 0,0, -1,1):(0,3, 0,0, -1,1):(0,0, 0,0, 0,0):right:::null::5:6:null:(1,9, 0,5, 0,0)
3296,1069:User 2:(2,0, 0,0, -1,2):(0,1, 0,0, 1,1):(0,3, 0,0, -1,1):(0,0, 0,0, 0,0):right:::null::5:6:null:(-1,9, -0,7, 0,0)
3312,1013:User 1:(2,0, 0,0, -1,2):(0,1, 0,0, -1,1):(0,3, 0,0, -1,1):(0,0, 0,0, 0,0):right:::null::5:6:null:(1,9, 0,5, 0,0)
3312,1013:User 2:(2,0, 0,0, -1,2):(0,1, 0,0, 1,1):(0,3, 0,0, -1,1):(0,0, 0,0, 0,0):right:::null::5:6:null:(-1,9, -0,7, 0,0)
3329,105:User 1:(2,0, 0,0, -1,2):(0,1, 0,0, -1,1):(0,3, 0,0, -1,1):(0,0, 0,0, 0,0):right:::null::5:6:null:(1,9, 0,5, 0,0)
3329,105:User 2:(2,0, 0,0, -1,2):(0,1, 0,0, 1,1):(0,3, 0,0, -1,1):(0,0, 0,0, 0,0):right:::null::5:6:null:(-1,9, -0,7, 0,0)
3345,0828:User 1:(2,0, 0,0, -1,2):(0,1, 0,0, -1,1):(0,3, 0,0, -1,1):(0,0, 0,0, 0,0):right:::null::5:6:null:(1,9, 0,5, 0,0)
3345,0828:User 2:(2,0, 0,0, -1,2):(0,1, 0,0, 1,1):(0,3, 0,0, -1,1):(0,0, 0,0, 0,0):right:::null::5:6:null:(-1,9, -0,7, 0,0)
3362,0692:User 1:(2,0, 0,0, -1,2):(0,1, 0,0, -1,1):(0,3, 0,0, -1,1):(0,0, 0,0, 0,0):right:::null::5:6:null:(1,9, 0,5, 0,0)
3362,0692:User 2:(2,0, 0,0, -1,2):(0,1, 0,0, 1,1):(0,3, 0,0, -1,1):(0,0, 0,0, 0,0):right:::null::5:6:null:(-1,9, -0,7, 0,0)
3379,0616:User 1:(2,0, 0,0, -1,2):(0,1, 0,0, -1,1):(0,3, 0,0, -1,1):(0,0, 0,0, 0,0):right:::null::5:6:null:(1,9, 0,5, 0,0)
3379,0616:User 2:(2,0, 0,0, -1,2):(0,1, 0,0, 1,1):(0,3, 0,0, -1,1):(0,0, 0,0, 0,0):right:::null::5:6:null:(-1,9, -0,7, 0,0)
3395,0678:User 1:(2,0, 0,0, -1,2):(0,1, 0,0, -1,1):(0,3, 0,0, -1,1):(0,0, 0,0, 0,0):right:::null::5:6:null:(1,9, 0,5, 0,0)
3395,0678:User 2:(2,0, 0,0, -1,2):(0,1, 0,0, 1,1):(0,3, 0,0, -1,1):(0,0, 0,0, 0,0):right:::null::5:6:null:(-1,9, -0,7, 0,0)
3412,0404:User 1:(2,0, 0,0, -1,2):(0,1, 0,0, -1,1):(0,3, 0,0, -1,1):(0,0, 0,0, 0,0):right:::null::5:6:null:(1,9, 0,5, 0,0)
3412,0404:User 2:(2,0, 0,0, -1,2):(0,1, 0,0, 1,1):(0,3, 0,0, -1,1):(0,0, 0,0, 0,0):right:::null::5:6:null:(-1,9, -0,7, 0,0)
3429,0319:User 1:(2,0, 0,0, -1,2):(0,1, 0,0, -1,1):(0,3, 0,0, -1,1):(0,0, 0,0, 0,0):right:::null::5:6:null:(1,9, 0,5, 0,0)
3429,0319:User 2:(2,0, 0,0, -1,2):(0,1, 0,0, 1,1):(0,3, 0,0, -1,1):(0,0, 0,0, 0,0):right:::null::5:6:null:(-1,9, -0,7, 0,0)
3445,0389:User 1:(2,0, 0,0, -1,2):(0,1, 0,0, -1,1):(0,3, 0,0, -1,1):(0,0, 0,0, 0,0):right:::null::5:6:null:(1,9, 0,5, 0,0)
3445,0389:User 2:(2,0, 0,0, -1,2):(0,1, 0,0, 1,1):(0,3, 0,0, -1,1):(0,0, 0,0, 0,0):right:::null::5:6:null:(-1,9, -0,7, 0,0)
3462,0158:User 1:(2,0, 0,0, -1,2):(0,1, 0,0, -1,1):(0,3, 0,0, -1,1):(0,0, 0,0, 0,0):right:::null::5:6:null:(1,9, 0,5, 0,0)
3462,0158:User 2:(2,0, 0,0, -1,2):(0,1, 0,0, 1,1):(0,3, 0,0, -1,1):(0,0, 0,0, 0,0):right:::null::5:6:null:(-1,9, -0,7, 0,0)
3478,0059:User 1:(2,0, 0,0, -1,2):(0,1, 0,0, -1,1):(0,3, 0,0, -1,1):(0,0, 0,0, 0,0):right:::null::5:6:null:(1,9, 0,5, 0,0)
3478,0059:User 2:(2,0, 0,0, -1,2):(0,1, 0,0, 1,1):(0,3, 0,0, -1,1):(0,0, 0,0, 0,0):right:::null::5:6:null:(-1,9, -0,7, 0,0)
3494,9966:User 1:(2,0, 0,0, -1,2):(0,1, 0,0, -1,1):(0,3, 0,0, -1,1):(0,0, 0,0, 0,0):right:::null::5:6:null:(1,9, 0,5, 0,0)
3494,9966:User 2:(2,0, 0,0, -1,2):(0,1, 0,0, 1,1):(0,3, 0,0, -1,1):(0,0, 0,0, 0,0):right:::null::5:6:null:(-1,9, -0,7, 0,0)
3511,987:User 1:(2,0, 0,0, -1,2):(0,1, 0,0, -1,1):(0,3, 0,0, -1,1):(0,0, 0,0, 0,0):right:::null::5:6:null:(1,9, 0,5, 0,0)
3511,987:User 2:(2,0, 0,0, -1,2):(0,1, 0,0, 1,1):(0,3, 0,0, -1,1):(0,0, 0,0, 0,0):right:::null::5:6:null:(-1,9, -0,7, 0,0)
3527,99:User 1:(2,0, 0,0, -1,2):(0,1, 0,0, -1,1):(0,3, 0,0, -1,1):(0,0, 0,0, 0,0):right:::null::5:6:null:(1,9, 0,5, 0,0)
3527,99:User 2:(2,0, 0,0, -1,2):(0,1, 0,0, 1,1):(0,3, 0,0, -1,1):(0,0, 0,0, 0,0):right:::null::5:6:null:(-1,9, -0,7, 0,0)
3545,0044:User 1:(2,0, 0,0, -1,2):(0,1, 0,0, -1,1):(0,3, 0,0, -1,1):(0,0, 0,0, 0,0):right:::null::5:6:null:(1,9, 0,5, 0,0)
3545,0044:User 2:(2,0, 0,0, -1,2):(0,1, 0,0, 1,1):(0,3, 0,0, -1,1):(0,0, 0,0, 0,0):right:::null::5:6:null:(-1,9, -0,7, 0,0)
3560,9704:User 1:(2,0, 0,0, -1,2):(0,1, 0,0, -1,1):(0,3, 0,0, -1,1):(0,0, 0,0, 0,0):right:::null::5:6:null:(1,9, 0,5, 0,0)
3560,9704:User 2:(2,0, 0,0, -1,2):(0,1, 0,0, 1,1):(0,3, 0,0, -1,1):(0,0, 0,0, 0,0):right:::null::5:6:null:(-1,9, -0,7, 0,0)
3577,9473:User 1:(2,0, 0,0, -1,2):(0,1, 0,0, -1,1):(0,3, 0,0, -1,1):(0,0, 0,0, 0,0):right:::null::5:6:null:(1,9, 0,5, 0,0)
3577,9473:User 2:(2,0, 0,0, -1,2):(0,1, 0,0, 1,1):(0,3, 0,0, -1,1):(0,0, 0,0, 0,0):right:::null::5:6:null:(-1,9, -0,7, 0,0)
3593,9409:User 1:(2,0, 0,0, -1,2):(0,1, 0,0, -1,1):(0,3, 0,0, -1,1):(0,0, 0,0, 0,0):right:::null::5:6:null:(1,9, 0,5, 0,0)
3593,9409:User 2:(2,0, 0,0, -1,2):(0,1, 0,0, 1,1):(0,3, 0,0, -1,1):(0,0, 0,0, 0,0):right:::null::5:6:null:(-1,9, -0,7, 0,0)
